#NUMBER OF AGES= 1 MAGS= 5
#----------------------------------------------------       
#MIX-LEN  Y      Z          Zeff        [Fe/H] [a/Fe]
# 1.9380  0.2734 1.8453E-02 1.8453E-02   0.06   0.00 
#----------------------------------------------------       
#**PHOTOMETRIC SYSTEM**: SDSS (AB)
#----------------------------------------------------       
#AGE= 0.200 EEPS=270
#EEP   M/Mo    LogTeff  LogG   LogL/Lo sdss_u  sdss_g  sdss_r  sdss_i  sdss_z
   3  0.189409  3.5051  4.9871 -2.2549 16.3815 13.4080 11.9332 10.6765  9.9539
   4  0.280584  3.5164  4.8533 -1.8467 14.9746 12.1760 10.7552  9.5957  8.9221
   5  0.417310  3.5472  4.8286 -1.4762 13.3578 10.7544  9.4376  8.5069  7.9670
   6  0.514270  3.5565  4.8255 -1.3762 13.0474 10.4183  9.1258  8.2300  7.7182
   7  0.381143  3.5371  4.9196 -1.7857 14.5278 11.7436 10.3785  9.3471  8.7568
   8  0.349505  3.5331  4.9407 -1.8710 14.8290 12.0186 10.6376  9.5787  8.9719
   9  0.342242  3.5322  4.9439 -1.8887 14.8910 12.0753 10.6911  9.6265  9.0156
  10  0.344025  3.5326  4.9397 -1.8812 14.8694 12.0556 10.6727  9.6083  8.9984
  11  0.350734  3.5329  4.9319 -1.8618 14.8052 11.9957 10.6162  9.5566  8.9492
  12  0.361272  3.5345  4.9215 -1.8329 14.7079 11.9064 10.5306  9.4785  8.8759
  13  0.380452  3.5366  4.9051 -1.7828 14.5389 11.7498 10.3828  9.3444  8.7503
  14  0.729909  3.5949  4.6262 -0.8792 11.3899  8.7786  7.5722  6.8729  6.4940
  15  0.776615  3.6061  4.5855 -0.7518 10.9428  8.3360  7.1506  6.5111  6.1793
  16  0.547537  3.5724  4.7573 -1.3293 12.9605 10.2143  8.9198  8.0780  7.6254
  17  0.557172  3.5760  4.7462 -1.2972 12.8540 10.0950  8.8021  7.9858  7.5487
  18  0.561848  3.5786  4.7406 -1.2796 12.7918 10.0188  8.7245  7.9381  7.5100
  19  0.567122  3.5819  4.7377 -1.2626 12.7284  9.9416  8.6461  7.8887  7.4717
  20  0.567230  3.5830  4.7395 -1.2600 12.7171  9.9199  8.6224  7.8787  7.4682
  21  0.567950  3.5839  4.7402 -1.2564 12.7040  9.8988  8.6000  7.8644  7.4597
  22  0.576437  3.5876  4.7339 -1.2301 12.6153  9.7985  8.4994  7.7868  7.3976
  23  0.594831  3.5940  4.7194 -1.1755 12.4271  9.5906  8.2931  7.6284  7.2679
  24  0.625759  3.6046  4.6938 -1.0828 12.1027  9.2352  7.9392  7.3595  7.0489
  25  0.660719  3.6188  4.6663 -0.9752 11.7149  8.8056  7.5117  7.0409  6.7956
  26  0.700247  3.6363  4.6442 -0.8571 11.2960  8.3259  7.0713  6.6975  6.5136
  27  0.667693  3.6237  4.6581 -0.9377 11.7804  8.6969  7.4067  6.9453  6.7156
  28  0.704760  3.6419  4.6429 -0.8272 11.3213  8.1935  6.9291  6.6063  6.4646
  29  0.805595  3.6882  4.6030 -0.5418 10.0345  6.9532  5.8795  5.7842  5.7833
  30  1.722946  4.0731  4.2715  1.8251 -4.1669 -2.7215 -1.4448 -0.5428  0.0542
  31  1.037638  3.7714  4.5288 -0.0313  6.4119  5.1014  4.6512  4.5603  4.5650
  32  1.053476  3.7752  4.5188 -0.0006  6.2962  5.0150  4.5801  4.4939  4.5018
  33  1.067355  3.7780  4.5088  0.0262  6.2099  4.9388  4.5182  4.4371  4.4479
  34  1.081081  3.7808  4.4991  0.0526  6.1202  4.8676  4.4571  4.3784  4.3928
  35  1.092825  3.7830  4.4902  0.0742  6.0566  4.8134  4.4098  4.3333  4.3495
  36  1.112408  3.7870  4.4769  0.1124  5.9077  4.7011  4.3153  4.2463  4.2670
  37  1.136504  3.7922  4.4604  0.1602  5.7233  4.5629  4.1991  4.1368  4.1643
  38  1.160834  3.7973  4.4431  0.2076  5.5489  4.4281  4.0840  4.0293  4.0624
  39  1.179885  3.8013  4.4275  0.2433  5.4342  4.3305  3.9991  3.9494  3.9863
  40  1.187269  3.8011  4.4208  0.2549  5.4255  4.3081  3.9763  3.9270  3.9629
  41  1.211913  3.8060  4.4019  0.3006  5.2621  4.1777  3.8645  3.8222  3.8632
  42  1.240572  3.8111  4.3809  0.3542  5.0579  4.0162  3.7349  3.7027  3.7518
  43  1.213847  3.8059  4.3974  0.3039  5.2669  4.1678  3.8640  3.8220  3.8644
  44  1.224385  3.8081  4.3894  0.3231  5.2416  4.1495  3.8164  3.7617  3.7963
  45  1.633442  3.8875  4.0918  1.0873  2.6720  2.0234  1.9424  1.9886  2.1005
  46  2.280917  3.9964  3.6988  2.1291 -0.5198 -0.9512 -0.5655 -0.3116 -0.0487
  47  2.135384  3.9605  3.8533  1.7664  0.8660  0.0639  0.3410  0.5623  0.7963
  48  1.845457  3.9150  4.1158  1.2150  2.6515  1.6421  1.6859  1.8160  1.9818
  49  1.848319  3.9178  4.1413  1.2009  2.7051  1.6773  1.7281  1.8651  2.0352
  50  1.876280  3.9246  4.1441  1.2289  2.6539  1.6006  1.6690  1.8191  1.9949
  51  2.011949  3.9465  4.1061  1.3871  2.2389  1.1668  1.3009  1.4889  1.6879
  52  2.034736  3.9495  4.0998  1.4131  2.1714  1.0959  1.2402  1.4346  1.6369
  53  2.055238  3.9525  4.0936  1.4354  2.1128  1.0345  1.1877  1.3867  1.5918
  54  2.070411  3.9545  4.0886  1.4527  2.0702  0.9892  1.1482  1.3513  1.5591
  55  2.083125  3.9558  4.0839  1.4650  2.0408  0.9564  1.1196  1.3252  1.5332
  56  2.092418  3.9565  4.0795  1.4734  2.0236  0.9361  1.1007  1.3073  1.5164
  57  2.099917  3.9567  4.0753  1.4794  2.0122  0.9227  1.0863  1.2937  1.5025
  58  2.108218  3.9566  4.0700  1.4862  1.9991  0.9064  1.0709  1.2780  1.4867
  59  2.119829  3.9572  4.0646  1.4960  1.9763  0.8814  1.0470  1.2561  1.4645
  60  2.131022  3.9579  4.0596  1.5063  1.9515  0.8544  1.0225  1.2332  1.4425
  61  2.143562  3.9589  4.0550  1.5177  1.9231  0.8246  0.9969  1.2092  1.4184
  62  2.154990  3.9599  4.0505  1.5284  1.8975  0.7971  0.9717  1.1860  1.3966
  63  2.166112  3.9604  4.0455  1.5379  1.8741  0.7724  0.9488  1.1645  1.3746
  64  2.176211  3.9608  4.0398  1.5471  1.8525  0.7497  0.9272  1.1438  1.3543
  65  2.186827  3.9608  4.0327  1.5562  1.8301  0.7254  0.9035  1.1205  1.3313
  66  2.198164  3.9611  4.0248  1.5671  1.8045  0.6984  0.8772  1.0949  1.3049
  67  2.210509  3.9611  4.0149  1.5789  1.7758  0.6673  0.8466  1.0650  1.2746
  68  2.226440  3.9617  4.0036  1.5953  1.7361  0.6257  0.8072  1.0263  1.2357
  69  2.240868  3.9622  3.9914  1.6117  1.6958  0.5832  0.7666  0.9866  1.1968
  70  2.257852  3.9626  3.9777  1.6306  1.6477  0.5338  0.7192  0.9406  1.1504
  71  2.275352  3.9629  3.9634  1.6509  1.5977  0.4811  0.6690  0.8920  1.1018
  72  2.293475  3.9633  3.9471  1.6719  1.5459  0.4271  0.6169  0.8408  1.0509
  73  2.311106  3.9634  3.9305  1.6922  1.4952  0.3739  0.5648  0.7897  0.9988
  74  2.328217  3.9635  3.9134  1.7123  1.4464  0.3236  0.5148  0.7396  0.9484
  75  2.344572  3.9627  3.8966  1.7302  1.4015  0.2758  0.4670  0.6921  0.8999
  76  2.359851  3.9621  3.8807  1.7468  1.3601  0.2337  0.4230  0.6470  0.8545
  77  2.374241  3.9617  3.8650  1.7624  1.3212  0.1929  0.3814  0.6054  0.8115
  78  2.388150  3.9605  3.8494  1.7774  1.2834  0.1543  0.3415  0.5639  0.7693
  79  2.400726  3.9595  3.8345  1.7912  1.2490  0.1196  0.3044  0.5253  0.7296
  80  2.413480  3.9584  3.8192  1.8041  1.2159  0.0864  0.2683  0.4875  0.6901
  81  2.425393  3.9575  3.8036  1.8164  1.1857  0.0561  0.2351  0.4517  0.6535
  82  2.433599  3.9563  3.7931  1.8245  1.1649  0.0353  0.2117  0.4273  0.6278
  83  2.441573  3.9554  3.7819  1.8322  1.1455  0.0148  0.1892  0.4028  0.6020
  84  2.449486  3.9541  3.7714  1.8397  1.1271 -0.0038  0.1673  0.3797  0.5779
  85  2.457209  3.9526  3.7603  1.8465  1.1104 -0.0214  0.1467  0.3573  0.5539
  86  2.464607  3.9512  3.7492  1.8534  1.0939 -0.0384  0.1273  0.3351  0.5301
  87  2.471675  3.9497  3.7379  1.8598  1.0784 -0.0534  0.1083  0.3143  0.5080
  88  2.478503  3.9481  3.7261  1.8651  1.0647 -0.0678  0.0897  0.2931  0.4859
  89  2.485262  3.9456  3.7148  1.8707  1.0524 -0.0799  0.0734  0.2742  0.4652
  90  2.491582  3.9436  3.7036  1.8755  1.0414 -0.0922  0.0576  0.2555  0.4447
  91  2.497667  3.9418  3.6918  1.8803  1.0287 -0.1030  0.0414  0.2359  0.4230
  92  2.503851  3.9399  3.6809  1.8853  1.0159 -0.1145  0.0253  0.2170  0.4022
  93  2.509719  3.9380  3.6693  1.8896  1.0048 -0.1242  0.0102  0.1983  0.3812
  94  2.515646  3.9360  3.6580  1.8937  0.9934 -0.1331 -0.0043  0.1807  0.3610
  95  2.521388  3.9336  3.6464  1.8982  0.9825 -0.1414 -0.0184  0.1622  0.3411
  96  2.526871  3.9314  3.6339  1.9018  0.9703 -0.1508 -0.0331  0.1437  0.3200
  97  2.532148  3.9292  3.6217  1.9062  0.9600 -0.1585 -0.0472  0.1262  0.2998
  98  2.537401  3.9273  3.6089  1.9100  0.9478 -0.1664 -0.0610  0.1079  0.2799
  99  2.542554  3.9247  3.5965  1.9141  0.9361 -0.1745 -0.0750  0.0894  0.2593
 100  2.547704  3.9224  3.5835  1.9182  0.9245 -0.1825 -0.0895  0.0704  0.2373
 101  2.552852  3.9200  3.5708  1.9230  0.9110 -0.1911 -0.1050  0.0515  0.2158
 102  2.557928  3.9174  3.5574  1.9271  0.8976 -0.1998 -0.1202  0.0316  0.1946
 103  2.562863  3.9154  3.5444  1.9317  0.8843 -0.2090 -0.1344  0.0134  0.1734
 104  2.567636  3.9130  3.5317  1.9362  0.8716 -0.2173 -0.1494 -0.0053  0.1524
 105  2.572385  3.9110  3.5187  1.9412  0.8585 -0.2272 -0.1644 -0.0238  0.1313
 106  2.577313  3.9092  3.5075  1.9461  0.8456 -0.2381 -0.1807 -0.0424  0.1108
 107  2.582112  3.9087  3.4998  1.9529  0.8286 -0.2555 -0.1983 -0.0606  0.0920
 108  2.586325  3.9097  3.4970  1.9601  0.8102 -0.2746 -0.2144 -0.0757  0.0779
 109  2.589177  3.9116  3.4987  1.9657  0.7927 -0.2949 -0.2283 -0.0858  0.0702
 110  2.591413  3.9135  3.5041  1.9711  0.7757 -0.3142 -0.2396 -0.0920  0.0662
 111  2.593219  3.9167  3.5105  1.9768  0.7600 -0.3338 -0.2493 -0.0968  0.0649
 112  2.593461  3.9170  3.5122  1.9778  0.7578 -0.3368 -0.2509 -0.0970  0.0648
 113  2.593698  3.9182  3.5142  1.9786  0.7545 -0.3408 -0.2527 -0.0975  0.0648
 114  2.593936  3.9189  3.5156  1.9797  0.7520 -0.3441 -0.2544 -0.0980  0.0652
 115  2.594171  3.9193  3.5175  1.9808  0.7491 -0.3473 -0.2561 -0.0990  0.0656
 116  2.594414  3.9200  3.5187  1.9816  0.7464 -0.3508 -0.2576 -0.0994  0.0656
 117  2.594651  3.9205  3.5209  1.9826  0.7445 -0.3548 -0.2591 -0.0994  0.0659
 118  2.594889  3.9213  3.5231  1.9839  0.7421 -0.3582 -0.2609 -0.0992  0.0665
 119  2.595126  3.9226  3.5253  1.9844  0.7401 -0.3621 -0.2624 -0.0998  0.0676
 120  2.595370  3.9235  3.5276  1.9854  0.7381 -0.3654 -0.2639 -0.0994  0.0679
 121  2.595607  3.9242  3.5298  1.9867  0.7368 -0.3690 -0.2648 -0.0992  0.0691
 122  2.595847  3.9252  3.5323  1.9875  0.7344 -0.3730 -0.2660 -0.0986  0.0700
 123  2.596089  3.9262  3.5346  1.9884  0.7334 -0.3761 -0.2673 -0.0988  0.0710
 124  2.596327  3.9263  3.5364  1.9895  0.7343 -0.3778 -0.2672 -0.0977  0.0722
 125  2.596563  3.9275  3.5394  1.9910  0.7308 -0.3835 -0.2701 -0.0981  0.0730
 126  2.596803  3.9284  3.5417  1.9922  0.7306 -0.3867 -0.2713 -0.0975  0.0742
 127  2.597033  3.9298  3.5453  1.9944  0.7270 -0.3921 -0.2735 -0.0972  0.0753
 128  2.597261  3.9313  3.5483  1.9960  0.7247 -0.3981 -0.2760 -0.0980  0.0760
 129  2.597493  3.9317  3.5504  1.9967  0.7255 -0.4001 -0.2762 -0.0964  0.0777
 130  2.597722  3.9334  3.5548  1.9994  0.7219 -0.4074 -0.2793 -0.0961  0.0791
 131  2.597951  3.9345  3.5574  2.0005  0.7230 -0.4101 -0.2794 -0.0944  0.0813
 132  2.598169  3.9360  3.5625  2.0021  0.7202 -0.4162 -0.2817 -0.0940  0.0840
 133  2.598395  3.9371  3.5657  2.0033  0.7201 -0.4204 -0.2823 -0.0917  0.0865
 134  2.598614  3.9382  3.5696  2.0052  0.7192 -0.4249 -0.2821 -0.0899  0.0899
 135  2.598835  3.9399  3.5735  2.0067  0.7189 -0.4284 -0.2832 -0.0870  0.0931
 136  2.599046  3.9411  3.5769  2.0085  0.7189 -0.4318 -0.2830 -0.0849  0.0962
 137  2.599254  3.9427  3.5803  2.0110  0.7179 -0.4346 -0.2831 -0.0831  0.0990
 138  2.599457  3.9442  3.5843  2.0124  0.7155 -0.4384 -0.2839 -0.0811  0.1016
 139  2.599637  3.9457  3.5880  2.0148  0.7119 -0.4432 -0.2850 -0.0796  0.1035
 140  2.599826  3.9472  3.5930  2.0172  0.7068 -0.4477 -0.2859 -0.0763  0.1068
 141  2.599997  3.9496  3.5987  2.0199  0.7017 -0.4529 -0.2861 -0.0740  0.1108
 142  2.600153  3.9512  3.6042  2.0229  0.6961 -0.4609 -0.2855 -0.0687  0.1166
 143  2.600285  3.9535  3.6091  2.0258  0.6891 -0.4707 -0.2859 -0.0638  0.1226
 144  2.600408  3.9555  3.6144  2.0290  0.6818 -0.4801 -0.2866 -0.0588  0.1285
 145  2.600510  3.9578  3.6195  2.0326  0.6740 -0.4911 -0.2866 -0.0534  0.1353
 146  2.600597  3.9600  3.6254  2.0360  0.6635 -0.5000 -0.2873 -0.0492  0.1402
 147  2.600678  3.9618  3.6298  2.0387  0.6556 -0.5057 -0.2866 -0.0457  0.1450
 148  2.600638  3.9626  3.6284  2.0432  0.6447 -0.5134 -0.2916 -0.0495  0.1398
 149  2.600648  3.9701  3.6283  2.0734  0.5611 -0.5949 -0.3489 -0.0953  0.0998
 150  2.600753  3.9851  3.6334  2.1272  0.4027 -0.7510 -0.4570 -0.1785  0.0284
 151  2.601082  3.9956  3.6558  2.1478  0.3345 -0.8172 -0.4906 -0.1930  0.0228
 152  2.601143  3.9960  3.6619  2.1425  0.3441 -0.8080 -0.4817 -0.1842  0.0336
 153  2.601173  3.9963  3.6685  2.1386  0.3503 -0.8026 -0.4761 -0.1771  0.0423
 154  2.601195  3.9971  3.6745  2.1345  0.3585 -0.7951 -0.4692 -0.1695  0.0520
 155  2.601196  3.9984  3.6832  2.1320  0.3594 -0.7957 -0.4659 -0.1637  0.0609
 156  2.601148  4.0044  3.7136  2.1256  0.3564 -0.7983 -0.4486 -0.1357  0.0975
 157  2.601062  4.0121  3.7694  2.0993  0.3997 -0.7514 -0.3787 -0.0526  0.1902
 158  2.600972  4.0178  3.8292  2.0632  0.4633 -0.6812 -0.2891  0.0459  0.2978
 159  2.600888  4.0201  3.8861  2.0148  0.5637 -0.5712 -0.1751  0.1626  0.4182
 160  2.600847  4.0143  3.9089  1.9705  0.6641 -0.4571 -0.0830  0.2410  0.4937
 161  2.600835  4.0055  3.8798  1.9636  0.6753 -0.4340 -0.0906  0.2143  0.4596
 162  2.600239  4.0219  3.9243  1.9844  0.5380 -0.5438 -0.1393  0.1937  0.4590
 163  2.599621  4.0299  3.9321  2.0093  0.3946 -0.6550 -0.2108  0.1374  0.4151
 164  2.598979  4.0305  3.9031  2.0391  0.2538 -0.7578 -0.3019  0.0464  0.3267
 165  2.598438  4.0223  3.8433  2.0665  0.1432 -0.8304 -0.3937 -0.0612  0.2114
 166  2.598001  4.0103  3.7727  2.0887  0.0596 -0.8801 -0.4738 -0.1622  0.0991
 167  2.597659  3.9971  3.7037  2.1058 -0.0150 -0.9149 -0.5353 -0.2454  0.0038
 168  2.597386  3.9847  3.6391  2.1198 -0.0819 -0.9265 -0.5872 -0.3224 -0.0860
 169  2.597167  3.9727  3.5789  2.1323 -0.1378 -0.9321 -0.6344 -0.3931 -0.1706
 170  2.596996  3.9610  3.5200  2.1438 -0.1816 -0.9439 -0.6781 -0.4571 -0.2471
 171  2.596878  3.9503  3.4644  2.1573 -0.2170 -0.9584 -0.7222 -0.5192 -0.3207
 172  2.596831  3.9409  3.4123  2.1705 -0.2475 -0.9745 -0.7684 -0.5831 -0.3936
 173  2.596841  3.9313  3.3610  2.1850 -0.2805 -0.9926 -0.8154 -0.6450 -0.4652
 174  2.596912  3.9226  3.3106  2.2005 -0.3329 -1.0189 -0.8584 -0.7020 -0.5301
 175  2.597047  3.9149  3.2624  2.2162 -0.3788 -1.0443 -0.9035 -0.7605 -0.5972
 176  2.597236  3.9074  3.2191  2.2325 -0.4030 -1.0649 -0.9556 -0.8239 -0.6691
 177  2.597478  3.9020  3.1789  2.2481 -0.4236 -1.0944 -1.0047 -0.8827 -0.7330
 178  2.597750  3.8963  3.1417  2.2639 -0.4446 -1.1292 -1.0500 -0.9339 -0.7888
 179  2.598049  3.8908  3.1052  2.2776 -0.4656 -1.1578 -1.0925 -0.9837 -0.8435
 180  2.598357  3.8850  3.0711  2.2909 -0.4817 -1.1767 -1.1326 -1.0332 -0.8990
 181  2.598669  3.8801  3.0385  2.3032 -0.4991 -1.1925 -1.1691 -1.0784 -0.9491
 182  2.598978  3.8753  3.0013  2.3205 -0.5454 -1.2267 -1.2173 -1.1344 -1.0114
 183  2.599288  3.8710  2.9682  2.3363 -0.5912 -1.2596 -1.2610 -1.1866 -1.0675
 184  2.599587  3.8666  2.9373  2.3499 -0.6203 -1.2853 -1.3014 -1.2334 -1.1186
 185  2.599864  3.8629  2.9112  2.3618 -0.6508 -1.3095 -1.3380 -1.2758 -1.1644
 186  2.600070  3.8603  2.8914  2.3698 -0.6862 -1.3290 -1.3658 -1.3086 -1.1993
 187  2.600190  3.8584  2.8844  2.3706 -0.7167 -1.3332 -1.3746 -1.3204 -1.2120
 188  2.600213  3.8576  2.8956  2.3554 -0.7193 -1.3037 -1.3463 -1.2938 -1.1855
 189  2.600191  3.8568  2.9269  2.3207 -0.6718 -1.2245 -1.2691 -1.2174 -1.1095
 190  2.600149  3.8548  2.9726  2.2691 -0.5707 -1.1002 -1.1485 -1.0994 -0.9915
 191  2.600085  3.8531  3.0291  2.2049 -0.4327 -0.9416 -0.9976 -0.9513 -0.8452
 192  2.599988  3.8513  3.0944  2.1319 -0.2670 -0.7577 -0.8234 -0.7807 -0.6754
 193  2.599829  3.8495  3.1699  2.0479 -0.0740 -0.5477 -0.6229 -0.5826 -0.4790
 194  2.599640  3.8471  3.2571  1.9524  0.1555 -0.3089 -0.3933 -0.3557 -0.2526
 195  2.599482  3.8428  3.3451  1.8467  0.4552 -0.0291 -0.1330 -0.1017 -0.0030
 196  2.599425  3.8369  3.4378  1.7312  0.8068  0.2822  0.1532  0.1761  0.2686
 197  2.599425  3.8284  3.5242  1.6124  1.2132  0.6192  0.4531  0.4623  0.5454
 198  2.599563  3.8188  3.5988  1.4978  1.6486  0.9583  0.7456  0.7394  0.8102
 199  2.599827  3.8072  3.6496  1.3990  2.0844  1.2706  1.0036  0.9773  1.0340
 200  2.600219  3.7933  3.6658  1.3285  2.4856  1.5224  1.1947  1.1469  1.1858
 201  2.600580  3.7816  3.6569  1.2904  2.7892  1.6840  1.3058  1.2384  1.2620
 202  2.600835  3.7725  3.6362  1.2757  2.9876  1.7706  1.3554  1.2735  1.2863
 203  2.601013  3.7658  3.6141  1.2713  3.1262  1.8208  1.3762  1.2840  1.2877
 204  2.601150  3.7608  3.5916  1.2720  3.2285  1.8494  1.3810  1.2799  1.2766
 205  2.601258  3.7564  3.5695  1.2773  3.3058  1.8636  1.3757  1.2668  1.2583
 206  2.601358  3.7531  3.5495  1.2827  3.3644  1.8706  1.3660  1.2505  1.2379
 207  2.601438  3.7499  3.5307  1.2898  3.4102  1.8711  1.3522  1.2323  1.2161
 208  2.601504  3.7471  3.5137  1.2973  3.4481  1.8682  1.3383  1.2141  1.1950
 209  2.601574  3.7458  3.4974  1.3057  3.4739  1.8592  1.3202  1.1921  1.1703
 210  2.601635  3.7438  3.4815  1.3145  3.4916  1.8476  1.3003  1.1690  1.1452
 211  2.601699  3.7422  3.4664  1.3225  3.4986  1.8349  1.2801  1.1469  1.1209
 212  2.601753  3.7411  3.4513  1.3322  3.4984  1.8200  1.2593  1.1236  1.0954
 213  2.601772  3.7396  3.4350  1.3435  3.4883  1.7984  1.2318  1.0946  1.0645
 214  2.601820  3.7384  3.4200  1.3537  3.4743  1.7801  1.2084  1.0696  1.0372
 215  2.601860  3.7369  3.4053  1.3630  3.4563  1.7608  1.1856  1.0451  1.0109
 216  2.601889  3.7357  3.3907  1.3734  3.4343  1.7403  1.1600  1.0184  0.9818
 217  2.601918  3.7356  3.3858  1.3770  3.4292  1.7335  1.1519  1.0098  0.9730
 218  2.601942  3.7355  3.3810  1.3803  3.4230  1.7263  1.1438  1.0014  0.9641
 219  2.601963  3.7350  3.3770  1.3839  3.4178  1.7191  1.1357  0.9927  0.9552
 220  2.601991  3.7345  3.3718  1.3875  3.4163  1.7143  1.1286  0.9858  0.9470
 221  2.602012  3.7348  3.3682  1.3907  3.4080  1.7057  1.1201  0.9762  0.9372
 222  2.602038  3.7342  3.3634  1.3939  3.4032  1.6993  1.1125  0.9683  0.9288
 223  2.602062  3.7341  3.3593  1.3975  3.3983  1.6930  1.1048  0.9604  0.9206
 224  2.602082  3.7340  3.3549  1.4006  3.3935  1.6862  1.0971  0.9521  0.9122
 225  2.602111  3.7332  3.3509  1.4042  3.3882  1.6799  1.0898  0.9442  0.9033
 226  2.602132  3.7331  3.3461  1.4074  3.3838  1.6728  1.0818  0.9356  0.8949
 227  2.602331  3.7308  3.3100  1.4350  3.3394  1.6170  1.0170  0.8676  0.8228
 228  2.602467  3.7291  3.2814  1.4562  3.3049  1.5749  0.9678  0.8153  0.7673
 229  2.602734  3.7265  3.2335  1.4934  3.2525  1.5006  0.8815  0.7249  0.6714
 230  2.602712  3.7257  3.2228  1.5004  3.2373  1.4853  0.8641  0.7060  0.6517
 231  2.602888  3.7236  3.1856  1.5294  3.2050  1.4281  0.7980  0.6356  0.5781
 232  2.602891  3.7229  3.1725  1.5388  3.1895  1.4080  0.7744  0.6116  0.5523
 233  2.603018  3.7208  3.1426  1.5625  3.1622  1.3604  0.7193  0.5537  0.4922
 234  2.603296  3.7185  3.0950  1.6005  3.1180  1.2832  0.6310  0.4604  0.3948
 235  2.603429  3.7173  3.0700  1.6212  3.0865  1.2384  0.5817  0.4089  0.3423
 236  2.603714  3.7149  3.0227  1.6581  3.0522  1.1655  0.4968  0.3193  0.2486
 237  2.603704  3.7143  3.0143  1.6647  3.0385  1.1490  0.4794  0.3009  0.2302
 238  2.603936  3.7128  2.9749  1.6969  3.0036  1.0842  0.4048  0.2227  0.1492
 239  2.604246  3.7105  2.9275  1.7347  2.9586  1.0059  0.3157  0.1291  0.0516
 240  2.604387  3.7091  2.9013  1.7555  2.9337  0.9627  0.2657  0.0769 -0.0025
 241  2.604516  3.7079  2.8738  1.7783  2.9055  0.9158  0.2123  0.0211 -0.0596
 242  2.604720  3.7063  2.8406  1.8052  2.8750  0.8617  0.1498 -0.0443 -0.1278
 243  2.604898  3.7049  2.8121  1.8283  2.8481  0.8136  0.0948 -0.1026 -0.1877
 244  2.605270  3.7021  2.7555  1.8737  2.8012  0.7222 -0.0104 -0.2133 -0.3029
 245  2.605398  3.7006  2.7308  1.8936  2.7809  0.6827 -0.0564 -0.2618 -0.3535
 246  2.605567  3.6990  2.6999  1.9179  2.7568  0.6329 -0.1128 -0.3216 -0.4156
 247  2.605724  3.6980  2.6725  1.9398  2.7352  0.5888 -0.1634 -0.3749 -0.4712
 248  2.605946  3.6958  2.6328  1.9704  2.7090  0.5286 -0.2330 -0.4486 -0.5488
 249  2.606291  3.6919  2.5782  2.0130  2.6759  0.4458 -0.3298 -0.5518 -0.6576
 250  2.606443  3.6909  2.5511  2.0347  2.6590  0.4045 -0.3774 -0.6026 -0.7102
 251  2.606671  3.6889  2.5104  2.0667  2.6331  0.3422 -0.4498 -0.6797 -0.7918
 252  2.606871  3.6871  2.4754  2.0935  2.6137  0.2912 -0.5100 -0.7445 -0.8600
 253  2.607075  3.6852  2.4383  2.1227  2.5934  0.2358 -0.5757 -0.8144 -0.9335
 254  2.607247  3.6830  2.4038  2.1494  2.5731  0.1845 -0.6358 -0.8796 -1.0013
 255  2.607501  3.6803  2.3580  2.1853  2.5512  0.1181 -0.7153 -0.9645 -1.0905
 256  2.607646  3.6789  2.3286  2.2086  2.5369  0.0755 -0.7665 -1.0196 -1.1485
 257  2.607954  3.6762  2.2762  2.2492  2.5141  0.0012 -0.8560 -1.1157 -1.2500
 258  2.608157  3.6736  2.2383  2.2777  2.5011 -0.0493 -0.9183 -1.1839 -1.3224
 259  2.608306  3.6718  2.2053  2.3036  2.4903 -0.0954 -0.9745 -1.2443 -1.3865
 260  2.608490  3.6692  2.1682  2.3314  2.4807 -0.1433 -1.0348 -1.3107 -1.4568
 261  2.608712  3.6666  2.1257  2.3630  2.4724 -0.1966 -1.1028 -1.3847 -1.5359
 262  2.608820  3.6653  2.1000  2.3826  2.4714 -0.2266 -1.1421 -1.4291 -1.5829
 263  2.609069  3.6623  2.0524  2.4191  2.4591 -0.2892 -1.2207 -1.5152 -1.6742
 264  2.609209  3.6602  2.0201  2.4439  2.4493 -0.3309 -1.2729 -1.5729 -1.7344
 265  2.609306  3.6588  1.9928  2.4649  2.4389 -0.3691 -1.3195 -1.6232 -1.7882
 266  2.609463  3.6568  1.9545  2.4948  2.4243 -0.4207 -1.3832 -1.6929 -1.8616
 267  2.609628  3.6540  1.9128  2.5265  2.4179 -0.4722 -1.4484 -1.7663 -1.9398
 268  2.609828  3.6509  1.8648  2.5613  2.4225 -0.5235 -1.5185 -1.8457 -2.0260
 269  2.610018  3.6475  1.8143  2.5976  2.4363 -0.5716 -1.5881 -1.9265 -2.1145
 270  2.610202  3.6430  1.7579  2.6368  2.4583 -0.6216 -1.6622 -2.0139 -2.2110
 271  2.610223  3.6403  1.7218  2.6607  2.4844 -0.6459 -1.7036 -2.0652 -2.2675
 272  2.610439  3.6347  1.6426  2.7189  2.4882 -0.7311 -1.8196 -2.1980 -2.4111
