#NUMBER OF AGES= 1 MAGS= 5
#----------------------------------------------------       
#MIX-LEN  Y      Z          Zeff        [Fe/H] [a/Fe]
# 1.9380  0.2734 1.8453E-02 1.8453E-02   0.06   0.00 
#----------------------------------------------------       
#**PHOTOMETRIC SYSTEM**: SDSS (AB)
#----------------------------------------------------       
#AGE= 2.000 EEPS=264
#EEP   M/Mo    LogTeff  LogG   LogL/Lo sdss_u  sdss_g  sdss_r  sdss_i  sdss_z
   5  0.114994  3.5051  5.2484 -2.7759 17.8742 14.7387 13.2327 11.9710 11.2505
   6  0.133750  3.5051  5.1827 -2.6446 17.4979 14.4034 12.9052 11.6449 10.9238
   7  0.168730  3.5078  5.1036 -2.4540 16.8951 13.8714 12.3916 11.1552 10.4455
   8  0.222613  3.5165  5.0413 -2.2366 16.1089 13.1799 11.7360 10.5668  9.8943
   9  0.276129  3.5240  4.9968 -2.0685 15.5090 12.6416 11.2271 10.1106  9.4690
  10  0.302389  3.5274  4.9754 -1.9939 15.2504 12.4058 11.0043  9.9095  9.2812
  11  0.311374  3.5285  4.9659 -1.9673 15.1603 12.3236 10.9264  9.8385  9.2141
  12  0.316506  3.5291  4.9589 -1.9508 15.1065 12.2743 10.8797  9.7952  9.1730
  13  0.319851  3.5295  4.9535 -1.9392 15.0683 12.2395 10.8469  9.7645  9.1437
  14  0.322395  3.5298  4.9486 -1.9298 15.0392 12.2129 10.8215  9.7404  9.1204
  15  0.324265  3.5300  4.9449 -1.9226 15.0160 12.1917 10.8015  9.7216  9.1024
  16  0.326233  3.5302  4.9411 -1.9154 14.9932 12.1708 10.7816  9.7029  9.0844
  17  0.328296  3.5304  4.9376 -1.9082 14.9700 12.1495 10.7613  9.6839  9.0663
  18  0.331259  3.5308  4.9336 -1.8988 14.9399 12.1220 10.7350  9.6595  9.0429
  19  0.336607  3.5313  4.9284 -1.8840 14.8913 12.0772 10.6924  9.6205  9.0060
  20  0.445528  3.5497  4.8432 -1.6042 13.9183 11.1547  9.8188  8.8524  8.3071
  21  0.464565  3.5539  4.8247 -1.5509 13.7363 10.9752  9.6469  8.7032  8.1750
  22  0.481044  3.5578  4.8085 -1.5038 13.5753 10.8136  9.4914  8.5712  8.0590
  23  0.495627  3.5616  4.7944 -1.4615 13.4303 10.6656  9.3482  8.4532  7.9560
  24  0.508352  3.5651  4.7826 -1.4244 13.3020 10.5323  9.2187  8.3486  7.8657
  25  0.518592  3.5683  4.7733 -1.3940 13.1968 10.4216  9.1107  8.2626  7.7924
  26  0.528090  3.5713  4.7649 -1.3656 13.0986 10.3170  9.0083  8.1814  7.7238
  27  0.538595  3.5748  4.7560 -1.3341 12.9896 10.1997  8.8930  8.0908  7.6480
  28  0.552341  3.5794  4.7444 -1.2930 12.8477 10.0456  8.7410  7.9724  7.5496
  29  0.569995  3.5858  4.7296 -1.2396 12.6598  9.8405  8.5374  7.8168  7.4226
  30  0.589874  3.5932  4.7139 -1.1788 12.4486  9.6055  8.3073  7.6401  7.2783
  31  0.611826  3.6022  4.6988 -1.1123 12.2165  9.3430  8.0584  7.4471  7.1197
  32  0.623465  3.6071  4.6891 -1.0736 12.1081  9.1940  7.9086  7.3345  7.0314
  33  0.650440  3.6191  4.6737 -0.9920 11.8065  8.8582  7.5981  7.0973  6.8406
  34  0.689233  3.6372  4.6554 -0.8764 11.2808  8.3545  7.1657  6.7614  6.5645
  35  0.873791  3.7174  4.5840 -0.3816  8.3569  6.3132  5.6073  5.4263  5.3615
  36  0.887879  3.7228  4.5768 -0.3463  8.1612  6.1883  5.5097  5.3382  5.2808
  37  0.902554  3.7280  4.5692 -0.3102  7.9644  6.0644  5.4113  5.2487  5.1981
  38  0.917450  3.7333  4.5610 -0.2742  7.7727  5.9436  5.3142  5.1599  5.1158
  39  0.932242  3.7382  4.5524 -0.2388  7.5917  5.8262  5.2201  5.0740  5.0362
  40  0.946386  3.7428  4.5438 -0.2053  7.4266  5.7173  5.1326  4.9938  4.9615
  41  0.960111  3.7471  4.5350 -0.1732  7.2727  5.6145  5.0492  4.9172  4.8900
  42  0.973549  3.7510  4.5260 -0.1421  7.1273  5.5159  4.9689  4.8431  4.8209
  43  0.987130  3.7550  4.5165 -0.1108  6.9855  5.4183  4.8889  4.7693  4.7517
  44  1.001279  3.7589  4.5062 -0.0785  6.8427  5.3189  4.8070  4.6935  4.6805
  45  1.016095  3.7630  4.4950 -0.0450  6.6988  5.2171  4.7225  4.6150  4.6068
  46  1.030903  3.7667  4.4833 -0.0119  6.5603  5.1172  4.6391  4.5375  4.5337
  47  1.043127  3.7698  4.4732  0.0157  6.4505  5.0358  4.5707  4.4736  4.4733
  48  1.059498  3.7737  4.4594  0.0517  6.3069  4.9293  4.4807  4.3896  4.3937
  49  1.068344  3.7760  4.4513  0.0730  6.2225  4.8665  4.4279  4.3403  4.3472
  50  1.084156  3.7796  4.4372  0.1079  6.0864  4.7636  4.3422  4.2604  4.2716
  51  1.098907  3.7829  4.4241  0.1403  5.9613  4.6689  4.2635  4.1867  4.2018
  52  1.103775  3.7840  4.4195  0.1510  5.9210  4.6381  4.2375  4.1620  4.1781
  53  1.108077  3.7850  4.4154  0.1607  5.8863  4.6114  4.2137  4.1392  4.1561
  54  1.112054  3.7858  4.4114  0.1698  5.8553  4.5872  4.1912  4.1170  4.1345
  55  1.116189  3.7867  4.4074  0.1792  5.8237  4.5625  4.1680  4.0943  4.1122
  56  1.121216  3.7879  4.4028  0.1902  5.7871  4.5337  4.1406  4.0673  4.0859
  57  1.129320  3.7896  4.3961  0.2069  5.7324  4.4901  4.0990  4.0265  4.0458
  58  1.223700  3.8070  4.3100  0.3969  5.1086  3.9609  3.6318  3.5841  3.6221
  59  1.232734  3.8082  4.3014  0.4138  5.0568  3.9146  3.5907  3.5452  3.5846
  60  1.361895  3.8242  4.1870  0.6354  4.4016  3.3082  3.0485  3.0300  3.0886
  61  1.379606  3.8254  4.1665  0.6661  4.3199  3.2266  2.9726  2.9566  3.0169
  62  1.392497  3.8262  4.1517  0.6880  4.2623  3.1688  2.9186  2.9042  2.9658
  63  1.403863  3.8268  4.1397  0.7060  4.2149  3.1210  2.8740  2.8612  2.9238
  64  1.412820  3.8272  4.1302  0.7198  4.1788  3.0844  2.8398  2.8280  2.8912
  65  1.420370  3.8274  4.1217  0.7315  4.1491  3.0539  2.8107  2.7996  2.8632
  66  1.427415  3.8276  4.1136  0.7423  4.1218  3.0258  2.7836  2.7731  2.8369
  67  1.434330  3.8276  4.1055  0.7530  4.0952  2.9985  2.7571  2.7469  2.8110
  68  1.441598  3.8277  4.0968  0.7641  4.0677  2.9701  2.7295  2.7196  2.7839
  69  1.449740  3.8278  4.0876  0.7763  4.0371  2.9385  2.6989  2.6896  2.7541
  70  1.458432  3.8279  4.0775  0.7893  4.0047  2.9051  2.6664  2.6575  2.7223
  71  1.467401  3.8280  4.0671  0.8025  3.9718  2.8711  2.6332  2.6247  2.6897
  72  1.476229  3.8279  4.0566  0.8156  3.9399  2.8379  2.6005  2.5922  2.6572
  73  1.484785  3.8278  4.0460  0.8282  3.9097  2.8062  2.5689  2.5606  2.6256
  74  1.492927  3.8276  4.0354  0.8403  3.8812  2.7759  2.5382  2.5300  2.5947
  75  1.500275  3.8272  4.0251  0.8511  3.8569  2.7495  2.5110  2.5023  2.5666
  76  1.506603  3.8266  4.0151  0.8606  3.8364  2.7266  2.4867  2.4772  2.5410
  77  1.512583  3.8259  4.0049  0.8697  3.8173  2.7047  2.4631  2.4528  2.5160
  78  1.518262  3.8251  3.9947  0.8784  3.8002  2.6847  2.4407  2.4295  2.4917
  79  1.523677  3.8242  3.9843  0.8868  3.7844  2.6659  2.4190  2.4066  2.4679
  80  1.529035  3.8233  3.9736  0.8951  3.7694  2.6475  2.3975  2.3836  2.4438
  81  1.534766  3.8222  3.9623  0.9037  3.7542  2.6286  2.3752  2.3597  2.4188
  82  1.538343  3.8215  3.9554  0.9090  3.7451  2.6171  2.3615  2.3451  2.4034
  83  1.542089  3.8208  3.9482  0.9144  3.7356  2.6053  2.3474  2.3300  2.3875
  84  1.546047  3.8201  3.9410  0.9200  3.7257  2.5929  2.3328  2.3144  2.3711
  85  1.550255  3.8194  3.9335  0.9258  3.7153  2.5800  2.3176  2.2982  2.3541
  86  1.554604  3.8187  3.9257  0.9319  3.7044  2.5666  2.3019  2.2814  2.3365
  87  1.559118  3.8180  3.9178  0.9381  3.6935  2.5531  2.2859  2.2643  2.3185
  88  1.563798  3.8172  3.9097  0.9444  3.6825  2.5394  2.2696  2.2468  2.3002
  89  1.568590  3.8163  3.9013  0.9508  3.6718  2.5257  2.2531  2.2292  2.2816
  90  1.573451  3.8155  3.8928  0.9571  3.6612  2.5121  2.2366  2.2113  2.2628
  91  1.578353  3.8146  3.8841  0.9635  3.6509  2.4985  2.2200  2.1934  2.2438
  92  1.583254  3.8136  3.8753  0.9698  3.6413  2.4854  2.2036  2.1756  2.2249
  93  1.588105  3.8126  3.8665  0.9760  3.6322  2.4727  2.1875  2.1579  2.2059
  94  1.592885  3.8115  3.8577  0.9821  3.6240  2.4605  2.1715  2.1404  2.1873
  95  1.597538  3.8105  3.8488  0.9881  3.6165  2.4489  2.1561  2.1234  2.1691
  96  1.602060  3.8095  3.8400  0.9937  3.6099  2.4380  2.1412  2.1068  2.1511
  97  1.606475  3.8082  3.8311  0.9993  3.6043  2.4276  2.1265  2.0905  2.1335
  98  1.610807  3.8071  3.8222  1.0046  3.5992  2.4177  2.1123  2.0744  2.1162
  99  1.615077  3.8059  3.8134  1.0099  3.5943  2.4079  2.0983  2.0587  2.0990
 100  1.619287  3.8048  3.8047  1.0152  3.5893  2.3982  2.0845  2.0430  2.0821
 101  1.623439  3.8037  3.7960  1.0206  3.5844  2.3884  2.0706  2.0274  2.0652
 102  1.627522  3.8026  3.7874  1.0261  3.5786  2.3780  2.0564  2.0116  2.0482
 103  1.631395  3.8017  3.7790  1.0316  3.5723  2.3671  2.0421  1.9958  2.0314
 104  1.634976  3.8009  3.7713  1.0373  3.5643  2.3553  2.0278  1.9803  2.0149
 105  1.638051  3.8004  3.7647  1.0427  3.5548  2.3432  2.0140  1.9657  1.9998
 106  1.640571  3.8002  3.7591  1.0478  3.5442  2.3312  2.0011  1.9525  1.9862
 107  1.642654  3.8001  3.7545  1.0525  3.5333  2.3195  1.9891  1.9404  1.9740
 108  1.644267  3.8002  3.7509  1.0569  3.5220  2.3083  1.9783  1.9297  1.9634
 109  1.645513  3.8004  3.7481  1.0609  3.5105  2.2976  1.9683  1.9201  1.9541
 110  1.646532  3.8007  3.7458  1.0647  3.4989  2.2872  1.9590  1.9114  1.9456
 111  1.647404  3.8010  3.7439  1.0682  3.4871  2.2768  1.9501  1.9030  1.9376
 112  1.647674  3.8012  3.7433  1.0695  3.4831  2.2734  1.9472  1.9002  1.9351
 113  1.647943  3.8013  3.7427  1.0708  3.4784  2.2693  1.9438  1.8971  1.9322
 114  1.648212  3.8015  3.7422  1.0721  3.4740  2.2656  1.9406  1.8942  1.9294
 115  1.648481  3.8017  3.7416  1.0734  3.4696  2.2618  1.9374  1.8913  1.9266
 116  1.648751  3.8019  3.7410  1.0750  3.4642  2.2572  1.9336  1.8878  1.9234
 117  1.649020  3.8021  3.7404  1.0765  3.4587  2.2526  1.9298  1.8844  1.9202
 118  1.649287  3.8023  3.7398  1.0781  3.4533  2.2480  1.9261  1.8810  1.9171
 119  1.649556  3.8026  3.7392  1.0797  3.4474  2.2431  1.9220  1.8774  1.9137
 120  1.649823  3.8029  3.7386  1.0816  3.4403  2.2372  1.9174  1.8732  1.9100
 121  1.650090  3.8032  3.7380  1.0834  3.4337  2.2317  1.9130  1.8693  1.9063
 122  1.650355  3.8035  3.7374  1.0854  3.4264  2.2256  1.9081  1.8650  1.9024
 123  1.650620  3.8039  3.7370  1.0877  3.4179  2.2186  1.9026  1.8602  1.8980
 124  1.650883  3.8043  3.7364  1.0899  3.4096  2.2115  1.8972  1.8554  1.8938
 125  1.651143  3.8048  3.7359  1.0925  3.3996  2.2034  1.8909  1.8499  1.8889
 126  1.651402  3.8053  3.7354  1.0951  3.3897  2.1952  1.8847  1.8445  1.8839
 127  1.651657  3.8059  3.7349  1.0982  3.3779  2.1855  1.8774  1.8382  1.8784
 128  1.651905  3.8066  3.7345  1.1013  3.3656  2.1752  1.8697  1.8316  1.8725
 129  1.652148  3.8074  3.7339  1.1050  3.3514  2.1636  1.8610  1.8241  1.8660
 130  1.652384  3.8083  3.7335  1.1090  3.3356  2.1508  1.8516  1.8162  1.8589
 131  1.652612  3.8093  3.7333  1.1132  3.3189  2.1372  1.8416  1.8077  1.8516
 132  1.652824  3.8103  3.7329  1.1179  3.3000  2.1217  1.8303  1.7982  1.8434
 133  1.653019  3.8115  3.7326  1.1232  3.2794  2.1046  1.8179  1.7877  1.8343
 134  1.653196  3.8128  3.7322  1.1288  3.2573  2.0862  1.8046  1.7766  1.8247
 135  1.653358  3.8143  3.7321  1.1347  3.2341  2.0669  1.7906  1.7649  1.8147
 136  1.653502  3.8158  3.7320  1.1410  3.2100  2.0466  1.7758  1.7527  1.8043
 137  1.653626  3.8174  3.7319  1.1475  3.1853  2.0255  1.7605  1.7400  1.7933
 138  1.653731  3.8191  3.7317  1.1542  3.1601  2.0038  1.7446  1.7267  1.7819
 139  1.653824  3.8207  3.7316  1.1610  3.1347  1.9818  1.7286  1.7134  1.7705
 140  1.653906  3.8224  3.7317  1.1679  3.1090  1.9595  1.7124  1.7001  1.7591
 141  1.653974  3.8241  3.7316  1.1748  3.0834  1.9370  1.6961  1.6866  1.7475
 142  1.654034  3.8259  3.7315  1.1818  3.0579  1.9145  1.6797  1.6731  1.7359
 143  1.654086  3.8276  3.7316  1.1889  3.0326  1.8920  1.6632  1.6595  1.7244
 144  1.654136  3.8295  3.7320  1.1958  3.0076  1.8697  1.6468  1.6460  1.7128
 145  1.654186  3.8313  3.7325  1.2029  2.9826  1.8472  1.6306  1.6327  1.7016
 146  1.654276  3.8332  3.7353  1.2075  2.9638  1.8309  1.6202  1.6253  1.6962
 147  1.654319  3.8322  3.7386  1.2005  2.9849  1.8512  1.6374  1.6409  1.7108
 148  1.654339  3.8310  3.7407  1.1931  3.0079  1.8727  1.6547  1.6561  1.7246
 149  1.654360  3.8297  3.7425  1.1860  3.0308  1.8941  1.6716  1.6710  1.7379
 150  1.654379  3.8281  3.7437  1.1790  3.0544  1.9159  1.6886  1.6855  1.7509
 151  1.654400  3.8265  3.7441  1.1718  3.0793  1.9382  1.7052  1.6995  1.7630
 152  1.654426  3.8244  3.7428  1.1648  3.1064  1.9616  1.7214  1.7122  1.7735
 153  1.654497  3.8198  3.7271  1.1621  3.1368  1.9815  1.7251  1.7086  1.7646
 154  1.654559  3.8168  3.7083  1.1685  3.1382  1.9743  1.7072  1.6857  1.7382
 155  1.654622  3.8143  3.6919  1.1753  3.1358  1.9644  1.6888  1.6634  1.7131
 156  1.654719  3.8113  3.6738  1.1815  3.1389  1.9576  1.6713  1.6413  1.6874
 157  1.654880  3.8078  3.6547  1.1865  3.1506  1.9566  1.6569  1.6213  1.6632
 158  1.655101  3.8043  3.6383  1.1892  3.1669  1.9612  1.6487  1.6073  1.6454
 159  1.655353  3.8015  3.6262  1.1901  3.1846  1.9680  1.6452  1.5994  1.6343
 160  1.655615  3.7993  3.6173  1.1901  3.2027  1.9749  1.6442  1.5950  1.6274
 161  1.655878  3.7974  3.6102  1.1898  3.2210  1.9810  1.6443  1.5927  1.6230
 162  1.656535  3.7939  3.5981  1.1880  3.2580  1.9948  1.6477  1.5913  1.6180
 163  1.657182  3.7905  3.5874  1.1853  3.2917  2.0121  1.6548  1.5931  1.6160
 164  1.657823  3.7872  3.5780  1.1816  3.3271  2.0330  1.6642  1.5970  1.6160
 165  1.658449  3.7838  3.5695  1.1768  3.3720  2.0583  1.6753  1.6027  1.6177
 166  1.659054  3.7804  3.5619  1.1708  3.4262  2.0884  1.6894  1.6112  1.6220
 167  1.659629  3.7768  3.5556  1.1631  3.4854  2.1225  1.7081  1.6241  1.6308
 168  1.660164  3.7731  3.5502  1.1537  3.5507  2.1612  1.7314  1.6416  1.6439
 169  1.660654  3.7694  3.5463  1.1429  3.6214  2.2043  1.7590  1.6632  1.6611
 170  1.661099  3.7657  3.5440  1.1307  3.6961  2.2510  1.7903  1.6886  1.6820
 171  1.661501  3.7622  3.5430  1.1175  3.7739  2.3001  1.8245  1.7168  1.7060
 172  1.661865  3.7587  3.5433  1.1036  3.8544  2.3514  1.8608  1.7475  1.7325
 173  1.662200  3.7554  3.5443  1.0891  3.9370  2.4041  1.8988  1.7800  1.7608
 174  1.662511  3.7521  3.5461  1.0741  4.0214  2.4577  1.9381  1.8139  1.7905
 175  1.662808  3.7487  3.5481  1.0589  4.1077  2.5123  1.9782  1.8485  1.8212
 176  1.663096  3.7453  3.5500  1.0437  4.1962  2.5679  2.0189  1.8838  1.8523
 177  1.663386  3.7419  3.5517  1.0285  4.2871  2.6242  2.0600  1.9192  1.8833
 178  1.663685  3.7383  3.5524  1.0134  4.3826  2.6816  2.1011  1.9543  1.9139
 179  1.664009  3.7344  3.5512  0.9989  4.4843  2.7403  2.1419  1.9886  1.9429
 180  1.664395  3.7299  3.5462  0.9857  4.5952  2.7997  2.1806  2.0196  1.9680
 181  1.664911  3.7242  3.5323  0.9773  4.7157  2.8549  2.2099  2.0393  1.9801
 182  1.665389  3.7195  3.5114  0.9795  4.7957  2.8784  2.2121  2.0333  1.9677
 183  1.665840  3.7158  3.4857  0.9902  4.8388  2.8755  2.1919  2.0065  1.9357
 184  1.666249  3.7128  3.4582  1.0059  4.8557  2.8556  2.1586  1.9679  1.8929
 185  1.666629  3.7103  3.4302  1.0240  4.8585  2.8270  2.1187  1.9235  1.8449
 186  1.666986  3.7083  3.4029  1.0435  4.8476  2.7912  2.0740  1.8752  1.7937
 187  1.667330  3.7065  3.3757  1.0638  4.8319  2.7523  2.0276  1.8254  1.7414
 188  1.667666  3.7049  3.3487  1.0844  4.8129  2.7115  1.9797  1.7746  1.6881
 189  1.667994  3.7035  3.3220  1.1056  4.7876  2.6679  1.9302  1.7225  1.6340
 190  1.668320  3.7020  3.2950  1.1267  4.7650  2.6256  1.8812  1.6707  1.5799
 191  1.668641  3.7007  3.2686  1.1480  4.7369  2.5811  1.8311  1.6182  1.5253
 192  1.668960  3.6994  3.2422  1.1695  4.7080  2.5364  1.7808  1.5655  1.4707
 193  1.669280  3.6982  3.2160  1.1908  4.6772  2.4920  1.7308  1.5131  1.4162
 194  1.669597  3.6972  3.1901  1.2123  4.6434  2.4463  1.6802  1.4603  1.3616
 195  1.669915  3.6959  3.1640  1.2336  4.6123  2.4021  1.6304  1.4081  1.3072
 196  1.670233  3.6947  3.1380  1.2549  4.5807  2.3576  1.5805  1.3558  1.2530
 197  1.670549  3.6936  3.1123  1.2763  4.5466  2.3122  1.5301  1.3033  1.1987
 198  1.670868  3.6924  3.0863  1.2975  4.5160  2.2682  1.4807  1.2515  1.1448
 199  1.671186  3.6913  3.0607  1.3187  4.4840  2.2238  1.4310  1.1995  1.0910
 200  1.671503  3.6902  3.0351  1.3399  4.4527  2.1793  1.3813  1.1476  1.0372
 201  1.671821  3.6890  3.0095  1.3610  4.4242  2.1355  1.3321  1.0961  0.9837
 202  1.672138  3.6880  2.9843  1.3821  4.3937  2.0909  1.2826  1.0444  0.9304
 203  1.672459  3.6867  2.9585  1.4030  4.3689  2.0487  1.2344  0.9935  0.8774
 204  1.672777  3.6855  2.9329  1.4240  4.3426  2.0058  1.1858  0.9425  0.8244
 205  1.673096  3.6844  2.9075  1.4448  4.3168  1.9631  1.1375  0.8916  0.7717
 206  1.673415  3.6832  2.8822  1.4657  4.2903  1.9201  1.0892  0.8408  0.7190
 207  1.673736  3.6820  2.8567  1.4863  4.2667  1.8785  1.0414  0.7905  0.6667
 208  1.674054  3.6808  2.8314  1.5071  4.2421  1.8364  0.9936  0.7401  0.6144
 209  1.674374  3.6797  2.8063  1.5277  4.2168  1.7942  0.9458  0.6898  0.5622
 210  1.674691  3.6784  2.7806  1.5485  4.1946  1.7531  0.8985  0.6397  0.5101
 211  1.675009  3.6772  2.7554  1.5691  4.1713  1.7117  0.8511  0.5896  0.4580
 212  1.675325  3.6760  2.7299  1.5898  4.1485  1.6703  0.8035  0.5394  0.4058
 213  1.675641  3.6748  2.7043  1.6104  4.1272  1.6297  0.7565  0.4895  0.3538
 214  1.675956  3.6736  2.6788  1.6312  4.1050  1.5886  0.7093  0.4395  0.3017
 215  1.676269  3.6723  2.6533  1.6518  4.0835  1.5478  0.6622  0.3895  0.2497
 216  1.676581  3.6711  2.6276  1.6726  4.0626  1.5072  0.6153  0.3396  0.1976
 217  1.676644  3.6708  2.6225  1.6768  4.0583  1.4989  0.6058  0.3296  0.1871
 218  1.676706  3.6706  2.6173  1.6809  4.0536  1.4905  0.5962  0.3194  0.1765
 219  1.676769  3.6704  2.6122  1.6850  4.0493  1.4823  0.5869  0.3095  0.1662
 220  1.676833  3.6700  2.6070  1.6892  4.0458  1.4744  0.5775  0.2996  0.1557
 221  1.676895  3.6699  2.6017  1.6934  4.0419  1.4663  0.5681  0.2895  0.1453
 222  1.676957  3.6696  2.5966  1.6976  4.0377  1.4582  0.5587  0.2795  0.1348
 223  1.677021  3.6694  2.5915  1.7017  4.0334  1.4499  0.5492  0.2694  0.1243
 224  1.677084  3.6691  2.5863  1.7059  4.0296  1.4420  0.5399  0.2595  0.1139
 225  1.677146  3.6689  2.5812  1.7101  4.0254  1.4338  0.5305  0.2495  0.1035
 226  1.677210  3.6686  2.5760  1.7142  4.0213  1.4257  0.5210  0.2395  0.0931
 227  1.677770  3.6663  2.5297  1.7515  3.9855  1.3532  0.4372  0.1500 -0.0004
 228  1.678342  3.6640  2.4828  1.7891  3.9513  1.2811  0.3530  0.0602 -0.0945
 229  1.678874  3.6617  2.4397  1.8235  3.9228  1.2161  0.2764 -0.0219 -0.1806
 230  1.679403  3.6596  2.3979  1.8569  3.8962  1.1538  0.2024 -0.1013 -0.2639
 231  1.679904  3.6576  2.3604  1.8867  3.8737  1.0987  0.1367 -0.1720 -0.3381
 232  1.680407  3.6559  2.3279  1.9125  3.8554  1.0518  0.0803 -0.2330 -0.4023
 233  1.680903  3.6549  2.3095  1.9274  3.8439  1.0244  0.0477 -0.2681 -0.4392
 234  1.681414  3.6563  2.3304  1.9116  3.8491  1.0505  0.0811 -0.2314 -0.4001
 235  1.682024  3.6610  2.4193  1.8417  3.8975  1.1780  0.2343 -0.0660 -0.2261
 236  1.682829  3.6662  2.5072  1.7752  3.9274  1.2941  0.3783  0.0909 -0.0599
 237  1.683903  3.6651  2.4874  1.7907  3.9182  1.2661  0.3444  0.0541 -0.0987
 238  1.684993  3.6595  2.3805  1.8754  3.8537  1.1082  0.1565 -0.1475 -0.3102
 239  1.685902  3.6553  2.3015  1.9378  3.8114  0.9950  0.0201 -0.2948 -0.4653
 240  1.686704  3.6512  2.2260  1.9972  3.7745  0.8894 -0.1084 -0.4346 -0.6127
 241  1.687397  3.6474  2.1563  2.0518  3.7435  0.7940 -0.2254 -0.5624 -0.7479
 242  1.688023  3.6437  2.0890  2.1045  3.7165  0.7037 -0.3369 -0.6850 -0.8779
 243  1.688579  3.6401  2.0247  2.1546  3.6936  0.6194 -0.4418 -0.8011 -1.0014
 244  1.689079  3.6366  1.9624  2.2030  3.6751  0.5403 -0.5412 -0.9123 -1.1202
 245  1.689521  3.6331  1.9028  2.2487  3.6609  0.4673 -0.6336 -1.0168 -1.2325
 246  1.689925  3.6297  1.8443  2.2937  3.6486  0.3970 -0.7229 -1.1188 -1.3426
 247  1.690289  3.6263  1.7870  2.3375  3.6378  0.3299 -0.8081 -1.2175 -1.4497
 248  1.690619  3.6230  1.7311  2.3802  3.6279  0.2659 -0.8893 -1.3127 -1.5539
 249  1.690924  3.6196  1.6760  2.4221  3.6187  0.2047 -0.9672 -1.4056 -1.6562
 250  1.691197  3.6164  1.6228  2.4625  3.6098  0.1471 -1.0403 -1.4943 -1.7547
 251  1.691448  3.6133  1.5709  2.5019  3.6012  0.0927 -1.1092 -1.5798 -1.8504
 252  1.691678  3.6102  1.5203  2.5402  3.5918  0.0409 -1.1744 -1.6623 -1.9436
 253  1.691888  3.6071  1.4708  2.5776  3.5835 -0.0076 -1.2352 -1.7418 -2.0343
 254  1.692081  3.6041  1.4224  2.6139  3.5765 -0.0523 -1.2910 -1.8179 -2.1226
 255  1.692260  3.6011  1.3750  2.6494  3.5699 -0.0937 -1.3425 -1.8913 -2.2090
 256  1.692425  3.5982  1.3288  2.6840  3.5633 -0.1321 -1.3896 -1.9619 -2.2928
 257  1.692576  3.5953  1.2838  2.7177  3.5555 -0.1680 -1.4334 -2.0299 -2.3745
 258  1.692717  3.5925  1.2398  2.7505  3.5463 -0.2013 -1.4739 -2.0953 -2.4538
 259  1.692848  3.5898  1.1965  2.7828  3.5346 -0.2329 -1.5124 -2.1592 -2.5315
 260  1.692971  3.5872  1.1543  2.8142  3.5222 -0.2615 -1.5469 -2.2204 -2.6069
 261  1.693084  3.5845  1.1131  2.8448  3.5099 -0.2876 -1.5770 -2.2790 -2.6804
 262  1.693190  3.5819  1.0725  2.8748  3.4977 -0.3107 -1.6025 -2.3354 -2.7522
 263  1.693289  3.5793  1.0330  2.9040  3.4860 -0.3312 -1.6235 -2.3893 -2.8222
 264  1.693381  3.5767  0.9943  2.9325  3.4746 -0.3491 -1.6405 -2.4410 -2.8903
 265  1.693467  3.5742  0.9562  2.9604  3.4635 -0.3638 -1.6528 -2.4904 -2.9568
 266  1.693549  3.5716  0.9187  2.9878  3.4524 -0.3752 -1.6603 -2.5376 -3.0217
 267  1.693625  3.5691  0.8820  3.0146  3.4414 -0.3827 -1.6621 -2.5820 -3.0846
 268  1.693698  3.5667  0.8460  3.0408  3.4300 -0.3870 -1.6580 -2.6244 -3.1463
