#NUMBER OF AGES= 1 MAGS= 5
#----------------------------------------------------       
#MIX-LEN  Y      Z          Zeff        [Fe/H] [a/Fe]
# 1.9380  0.2734 1.8453E-02 1.8453E-02   0.06   0.00 
#----------------------------------------------------       
#**PHOTOMETRIC SYSTEM**: SDSS (AB)
#----------------------------------------------------       
#AGE= 3.000 EEPS=271
#EEP   M/Mo    LogTeff  LogG   LogL/Lo sdss_u  sdss_g  sdss_r  sdss_i  sdss_z
   7  0.119160  3.5051  5.2323 -2.7445 17.7846 14.6589 13.1547 11.8931 11.1724
   8  0.140299  3.5052  5.1632 -2.6037 17.3774 14.2963 12.8010 11.5424 10.8219
   9  0.180986  3.5098  5.0866 -2.3983 16.6935 13.6954 12.2245 11.0048 10.3040
  10  0.227835  3.5172  5.0343 -2.2164 16.0369 13.1162 11.6757 10.5124  9.8433
  11  0.266944  3.5228  4.9992 -2.0904 15.5886 12.7144 11.2958 10.1712  9.5248
  12  0.293931  3.5263  4.9769 -2.0121 15.3160 12.4664 11.0616  9.9597  9.3270
  13  0.305281  3.5277  4.9652 -1.9781 15.2008 12.3613 10.9621  9.8690  9.2418
  14  0.311780  3.5285  4.9572 -1.9578 15.1335 12.2998 10.9039  9.8153  9.1909
  15  0.316002  3.5290  4.9513 -1.9441 15.0883 12.2584 10.8648  9.7790  9.1564
  16  0.319042  3.5294  4.9465 -1.9338 15.0548 12.2278 10.8357  9.7520  9.1304
  17  0.321361  3.5297  4.9424 -1.9254 15.0281 12.2034 10.8126  9.7302  9.1097
  18  0.323274  3.5299  4.9389 -1.9183 15.0056 12.1827 10.7930  9.7118  9.0920
  19  0.325274  3.5302  4.9352 -1.9112 14.9828 12.1620 10.7732  9.6932  9.0741
  20  0.328047  3.5305  4.9311 -1.9018 14.9522 12.1339 10.7467  9.6686  9.0507
  21  0.330396  3.5306  4.9268 -1.8937 14.9270 12.1108 10.7247  9.6476  9.0303
  22  0.330748  3.5306  4.9267 -1.8928 14.9248 12.1088 10.7218  9.6455  9.0281
  23  0.340368  3.5317  4.9198 -1.8689 14.8432 12.0338 10.6510  9.5812  8.9679
  24  0.465945  3.5541  4.8194 -1.5431 13.7132 10.9526  9.6252  8.6829  8.1556
  25  0.482849  3.5583  4.8028 -1.4946 13.5475 10.7860  9.4648  8.5472  8.0365
  26  0.497799  3.5622  4.7884 -1.4512 13.3987 10.6335  9.3171  8.4258  7.9308
  27  0.510366  3.5658  4.7768 -1.4143 13.2712 10.5007  9.1879  8.3218  7.8413
  28  0.520554  3.5690  4.7675 -1.3839 13.1661 10.3896  9.0794  8.2356  7.7679
  29  0.530291  3.5721  4.7589 -1.3546 13.0646 10.2812  8.9731  8.1515  7.6971
  30  0.541614  3.5759  4.7492 -1.3205 12.9468 10.1539  8.8480  8.0534  7.6152
  31  0.556711  3.5811  4.7364 -1.2751 12.7893  9.9825  8.6785  7.9220  7.5065
  32  0.575144  3.5878  4.7211 -1.2186 12.5906  9.7648  8.4623  7.7574  7.3727
  33  0.595107  3.5956  4.7054 -1.1571 12.3800  9.5274  8.2324  7.5796  7.2265
  34  0.616305  3.6044  4.6909 -1.0922 12.1513  9.2686  7.9870  7.3904  7.0722
  35  0.629600  3.6102  4.6807 -1.0488 12.0150  9.0977  7.8196  7.2643  6.9729
  36  0.655830  3.6221  4.6658 -0.9687 11.7155  8.7670  7.5175  7.0323  6.7853
  37  0.690551  3.6386  4.6494 -0.8640 11.2250  8.3077  7.1265  6.7279  6.5346
  38  0.830608  3.7025  4.5938 -0.4727  8.8938  6.6540  5.8677  5.6574  5.5724
  39  0.847999  3.7093  4.5854 -0.4283  8.6389  6.4890  5.7404  5.5440  5.4684
  40  0.863376  3.7153  4.5777 -0.3888  8.4154  6.3454  5.6292  5.4443  5.3768
  41  0.876286  3.7204  4.5707 -0.3554  8.2300  6.2266  5.5364  5.3608  5.3000
  42  0.888532  3.7250  4.5637 -0.3238  8.0585  6.1171  5.4499  5.2823  5.2278
  43  0.900912  3.7294  4.5562 -0.2923  7.8898  6.0109  5.3646  5.2043  5.1555
  44  0.913379  3.7338  4.5484 -0.2609  7.7266  5.9070  5.2807  5.1275  5.0840
  45  0.925662  3.7380  4.5403 -0.2304  7.5727  5.8063  5.1998  5.0533  5.0151
  46  0.937818  3.7420  4.5318 -0.2003  7.4260  5.7089  5.1210  4.9810  4.9478
  47  0.949785  3.7458  4.5233 -0.1709  7.2863  5.6149  5.0446  4.9106  4.8820
  48  0.961598  3.7495  4.5142 -0.1420  7.1529  5.5240  4.9702  4.8419  4.8177
  49  0.973376  3.7530  4.5048 -0.1135  7.0237  5.4350  4.8968  4.7741  4.7539
  50  0.985408  3.7564  4.4949 -0.0845  6.8957  5.3457  4.8228  4.7053  4.6893
  51  0.997735  3.7598  4.4844 -0.0548  6.7688  5.2557  4.7479  4.6356  4.6235
  52  1.004585  3.7616  4.4782 -0.0385  6.7000  5.2062  4.7065  4.5971  4.5872
  53  1.011287  3.7634  4.4722 -0.0224  6.6336  5.1582  4.6663  4.5595  4.5516
  54  1.017736  3.7651  4.4662 -0.0070  6.5710  5.1123  4.6276  4.5233  4.5175
  55  1.022484  3.7663  4.4617  0.0045  6.5255  5.0786  4.5990  4.4966  4.4923
  56  1.028276  3.7677  4.4561  0.0184  6.4702  5.0375  4.5642  4.4640  4.4613
  57  1.035762  3.7696  4.4490  0.0359  6.4005  4.9858  4.5203  4.4228  4.4221
  58  1.042110  3.7711  4.4426  0.0509  6.3423  4.9419  4.4829  4.3877  4.3889
  59  1.048357  3.7725  4.4364  0.0656  6.2859  4.8992  4.4463  4.3533  4.3561
  60  1.054433  3.7739  4.4302  0.0798  6.2321  4.8580  4.4109  4.3200  4.3244
  61  1.060226  3.7752  4.4240  0.0935  6.1812  4.8186  4.3770  4.2880  4.2939
  62  1.062463  3.7759  4.4215  0.1000  6.1562  4.7998  4.3607  4.2728  4.2795
  63  1.067638  3.7770  4.4158  0.1123  6.1107  4.7643  4.3301  4.2439  4.2519
  64  1.072408  3.7781  4.4105  0.1239  6.0670  4.7306  4.3018  4.2174  4.2265
  65  1.077263  3.7792  4.4053  0.1355  6.0221  4.6963  4.2735  4.1909  4.2015
  66  1.082252  3.7803  4.3998  0.1474  5.9769  4.6617  4.2447  4.1639  4.1759
  67  1.087353  3.7814  4.3944  0.1593  5.9316  4.6269  4.2157  4.1367  4.1500
  68  1.092372  3.7825  4.3889  0.1710  5.8876  4.5930  4.1874  4.1100  4.1245
  69  1.096931  3.7835  4.3840  0.1816  5.8479  4.5624  4.1617  4.0855  4.1012
  70  1.100946  3.7844  4.3798  0.1911  5.8124  4.5352  4.1386  4.0636  4.0802
  71  1.104502  3.7852  4.3757  0.1999  5.7812  4.5110  4.1175  4.0434  4.0608
  72  1.107710  3.7859  4.3720  0.2078  5.7544  4.4896  4.0977  4.0241  4.0419
  73  1.110671  3.7867  4.3684  0.2154  5.7294  4.4695  4.0788  4.0057  4.0239
  74  1.113530  3.7873  4.3649  0.2228  5.7053  4.4501  4.0605  3.9877  4.0063
  75  1.116542  3.7880  4.3613  0.2304  5.6808  4.4301  4.0413  3.9690  3.9880
  76  1.119984  3.7889  4.3576  0.2387  5.6541  4.4083  4.0204  3.9486  3.9681
  77  1.124413  3.7899  4.3533  0.2487  5.6226  4.3821  3.9953  3.9240  3.9441
  78  1.131479  3.7913  4.3471  0.2633  5.5767  4.3440  3.9586  3.8882  3.9091
  79  1.228220  3.8027  4.2355  0.4560  4.9945  3.8220  3.4817  3.4297  3.4638
  80  1.237492  3.8029  4.2237  0.4718  4.9533  3.7811  3.4422  3.3908  3.4253
  81  1.259537  3.8031  4.1936  0.5103  4.8558  3.6827  3.3462  3.2958  3.3308
  82  1.286926  3.8029  4.1527  0.5599  4.7330  3.5568  3.2222  3.1726  3.2079
  83  1.307939  3.8032  4.1247  0.5961  4.6402  3.4635  3.1318  3.0833  3.1193
  84  1.324076  3.8037  4.1051  0.6234  4.5678  3.3926  3.0642  3.0171  3.0539
  85  1.337181  3.8041  4.0885  0.6454  4.5106  3.3356  3.0094  2.9630  3.0004
  86  1.347911  3.8039  4.0728  0.6636  4.4668  3.2898  2.9636  2.9174  2.9547
  87  1.357377  3.8033  4.0567  0.6802  4.4304  3.2494  2.9219  2.8751  2.9117
  88  1.366124  3.8023  4.0407  0.6956  4.3982  3.2126  2.8830  2.8352  2.8712
  89  1.374161  3.8014  4.0256  0.7096  4.3705  3.1797  2.8475  2.7987  2.8337
  90  1.381537  3.8005  4.0114  0.7221  4.3467  3.1507  2.8158  2.7658  2.7998
  91  1.388303  3.7995  3.9986  0.7333  4.3273  3.1256  2.7876  2.7363  2.7694
  92  1.394495  3.7985  3.9869  0.7430  4.3123  3.1044  2.7627  2.7100  2.7421
  93  1.400087  3.7976  3.9766  0.7513  4.3002  3.0863  2.7411  2.6872  2.7182
  94  1.405104  3.7966  3.9671  0.7585  4.2910  3.0713  2.7228  2.6675  2.6975
  95  1.409684  3.7958  3.9584  0.7649  4.2835  3.0581  2.7065  2.6498  2.6788
  96  1.413932  3.7948  3.9502  0.7706  4.2770  3.0463  2.6918  2.6339  2.6618
  97  1.417965  3.7939  3.9423  0.7761  4.2710  3.0352  2.6781  2.6188  2.6458
  98  1.421825  3.7929  3.9346  0.7813  4.2645  3.0246  2.6652  2.6046  2.6306
  99  1.425587  3.7920  3.9269  0.7865  4.2539  3.0131  2.6536  2.5917  2.6166
 100  1.429276  3.7911  3.9194  0.7917  4.2431  3.0015  2.6419  2.5787  2.6026
 101  1.432870  3.7903  3.9119  0.7970  4.2319  2.9896  2.6298  2.5653  2.5882
 102  1.436193  3.7897  3.9048  0.8025  4.2204  2.9772  2.6171  2.5517  2.5738
 103  1.439104  3.7892  3.8985  0.8078  4.2088  2.9647  2.6043  2.5382  2.5597
 104  1.441555  3.7889  3.8929  0.8130  4.1975  2.9525  2.5920  2.5253  2.5466
 105  1.443549  3.7888  3.8884  0.8176  4.1863  2.9408  2.5801  2.5134  2.5345
 106  1.445258  3.7889  3.8846  0.8223  4.1751  2.9292  2.5686  2.5019  2.5231
 107  1.446612  3.7890  3.8813  0.8264  4.1645  2.9183  2.5579  2.4915  2.5128
 108  1.447594  3.7892  3.8788  0.8302  4.1547  2.9084  2.5482  2.4822  2.5038
 109  1.448447  3.7895  3.8765  0.8338  4.1452  2.8989  2.5389  2.4733  2.4953
 110  1.449178  3.7898  3.8745  0.8372  4.1359  2.8895  2.5298  2.4649  2.4871
 111  1.449810  3.7902  3.8727  0.8405  4.1268  2.8805  2.5211  2.4566  2.4793
 112  1.450087  3.7904  3.8719  0.8421  4.1224  2.8761  2.5169  2.4527  2.4756
 113  1.450362  3.7906  3.8710  0.8438  4.1175  2.8713  2.5122  2.4484  2.4715
 114  1.450636  3.7907  3.8702  0.8455  4.1130  2.8667  2.5078  2.4443  2.4676
 115  1.450910  3.7909  3.8693  0.8473  4.1079  2.8617  2.5029  2.4398  2.4634
 116  1.451185  3.7912  3.8684  0.8493  4.1022  2.8560  2.4975  2.4347  2.4587
 117  1.451461  3.7914  3.8675  0.8514  4.0966  2.8504  2.4922  2.4299  2.4541
 118  1.451734  3.7918  3.8665  0.8536  4.0900  2.8440  2.4860  2.4242  2.4488
 119  1.452005  3.7921  3.8656  0.8559  4.0836  2.8376  2.4799  2.4186  2.4436
 120  1.452271  3.7924  3.8645  0.8585  4.0759  2.8302  2.4729  2.4121  2.4375
 121  1.452532  3.7929  3.8632  0.8615  4.0672  2.8217  2.4648  2.4049  2.4307
 122  1.452790  3.7933  3.8620  0.8648  4.0563  2.8123  2.4564  2.3972  2.4237
 123  1.453042  3.7938  3.8608  0.8681  4.0442  2.8025  2.4482  2.3896  2.4167
 124  1.453288  3.7944  3.8595  0.8718  4.0304  2.7915  2.4389  2.3814  2.4090
 125  1.453525  3.7951  3.8582  0.8757  4.0153  2.7796  2.4292  2.3725  2.4009
 126  1.453754  3.7958  3.8568  0.8799  3.9986  2.7667  2.4187  2.3631  2.3922
 127  1.453967  3.7965  3.8552  0.8846  3.9805  2.7527  2.4074  2.3529  2.3829
 128  1.454158  3.7973  3.8534  0.8898  3.9603  2.7373  2.3949  2.3416  2.3725
 129  1.454334  3.7982  3.8515  0.8952  3.9389  2.7210  2.3818  2.3299  2.3616
 130  1.454492  3.7991  3.8496  0.9008  3.9164  2.7039  2.3682  2.3176  2.3503
 131  1.454636  3.8001  3.8475  0.9067  3.8934  2.6861  2.3541  2.3049  2.3387
 132  1.454764  3.8010  3.8456  0.9127  3.8710  2.6679  2.3394  2.2917  2.3266
 133  1.454877  3.8020  3.8433  0.9188  3.8487  2.6494  2.3244  2.2782  2.3141
 134  1.454973  3.8030  3.8409  0.9251  3.8261  2.6305  2.3090  2.2643  2.3013
 135  1.455059  3.8039  3.8383  0.9315  3.8036  2.6114  2.2934  2.2504  2.2885
 136  1.455134  3.8049  3.8356  0.9379  3.7811  2.5923  2.2778  2.2362  2.2753
 137  1.455199  3.8058  3.8328  0.9444  3.7589  2.5730  2.2621  2.2219  2.2621
 138  1.455258  3.8065  3.8298  0.9509  3.7368  2.5539  2.2463  2.2076  2.2487
 139  1.455314  3.8074  3.8267  0.9573  3.7147  2.5347  2.2305  2.1932  2.2353
 140  1.455366  3.8082  3.8236  0.9639  3.6927  2.5157  2.2148  2.1788  2.2219
 141  1.455416  3.8091  3.8203  0.9705  3.6707  2.4963  2.1988  2.1641  2.2081
 142  1.455505  3.8100  3.8174  0.9770  3.6487  2.4771  2.1831  2.1499  2.1949
 143  1.455567  3.8096  3.8215  0.9712  3.6655  2.4929  2.1972  2.1634  2.2079
 144  1.455596  3.8089  3.8260  0.9640  3.6882  2.5134  2.2150  2.1799  2.2236
 145  1.455620  3.8082  3.8295  0.9577  3.7086  2.5317  2.2305  2.1943  2.2373
 146  1.455646  3.8073  3.8326  0.9513  3.7296  2.5502  2.2459  2.2084  2.2503
 147  1.455676  3.8063  3.8352  0.9444  3.7539  2.5709  2.2625  2.2233  2.2641
 148  1.455751  3.8034  3.8275  0.9405  3.7847  2.5903  2.2710  2.2272  2.2646
 149  1.455820  3.8012  3.8131  0.9460  3.7883  2.5835  2.2564  2.2091  2.2440
 150  1.455894  3.7994  3.7990  0.9528  3.7867  2.5720  2.2382  2.1882  2.2211
 151  1.456020  3.7971  3.7844  0.9585  3.7938  2.5645  2.2226  2.1696  2.2001
 152  1.456231  3.7947  3.7709  0.9622  3.8074  2.5623  2.2125  2.1560  2.1838
 153  1.456491  3.7926  3.7610  0.9640  3.8188  2.5632  2.2082  2.1488  2.1743
 154  1.456767  3.7911  3.7545  0.9646  3.8233  2.5650  2.2080  2.1461  2.1700
 155  1.457047  3.7899  3.7496  0.9650  3.8281  2.5674  2.2084  2.1446  2.1670
 156  1.457329  3.7889  3.7455  0.9651  3.8332  2.5700  2.2090  2.1434  2.1646
 157  1.457610  3.7880  3.7419  0.9651  3.8385  2.5726  2.2095  2.1425  2.1625
 158  1.457893  3.7871  3.7386  0.9651  3.8443  2.5754  2.2101  2.1416  2.1606
 159  1.458174  3.7863  3.7354  0.9649  3.8506  2.5784  2.2106  2.1409  2.1589
 160  1.458457  3.7855  3.7324  0.9649  3.8591  2.5819  2.2108  2.1397  2.1568
 161  1.458738  3.7847  3.7295  0.9646  3.8699  2.5860  2.2106  2.1382  2.1542
 162  1.459677  3.7820  3.7199  0.9636  3.9102  2.6014  2.2101  2.1335  2.1463
 163  1.460586  3.7790  3.7108  0.9611  3.9592  2.6218  2.2133  2.1320  2.1413
 164  1.461467  3.7758  3.7022  0.9571  4.0077  2.6455  2.2226  2.1364  2.1418
 165  1.462302  3.7724  3.6946  0.9512  4.0610  2.6739  2.2375  2.1458  2.1473
 166  1.463076  3.7688  3.6881  0.9436  4.1227  2.7081  2.2573  2.1598  2.1571
 167  1.463777  3.7651  3.6830  0.9342  4.1918  2.7477  2.2814  2.1782  2.1710
 168  1.464406  3.7614  3.6792  0.9235  4.2662  2.7914  2.3096  2.2002  2.1886
 169  1.464971  3.7578  3.6767  0.9117  4.3448  2.8379  2.3406  2.2254  2.2092
 170  1.465483  3.7542  3.6751  0.8991  4.4275  2.8861  2.3736  2.2528  2.2324
 171  1.465955  3.7507  3.6741  0.8861  4.5129  2.9355  2.4082  2.2819  2.2572
 172  1.466401  3.7472  3.6734  0.8728  4.5999  2.9865  2.4439  2.3121  2.2831
 173  1.466832  3.7437  3.6728  0.8593  4.6885  3.0389  2.4806  2.3428  2.3093
 174  1.467261  3.7399  3.6718  0.8459  4.7801  3.0923  2.5176  2.3738  2.3356
 175  1.467704  3.7361  3.6699  0.8326  4.8765  3.1469  2.5549  2.4046  2.3615
 176  1.468187  3.7319  3.6660  0.8198  4.9796  3.2029  2.5919  2.4346  2.3861
 177  1.468770  3.7271  3.6584  0.8082  5.0933  3.2607  2.6273  2.4618  2.4068
 178  1.469506  3.7214  3.6417  0.8028  5.2086  3.3089  2.6495  2.4744  2.4120
 179  1.470254  3.7164  3.6177  0.8063  5.2957  3.3330  2.6499  2.4658  2.3961
 180  1.470916  3.7126  3.5926  0.8164  5.3425  3.3327  2.6320  2.4410  2.3661
 181  1.471456  3.7099  3.5694  0.8294  5.3595  3.3175  2.6050  2.4092  2.3305
 182  1.472067  3.7074  3.5412  0.8479  5.3615  3.2878  2.5642  2.3639  2.2816
 183  1.472640  3.7055  3.5135  0.8679  5.3510  3.2511  2.5189  2.3149  2.2297
 184  1.473192  3.7038  3.4863  0.8886  5.3330  3.2108  2.4713  2.2643  2.1765
 185  1.473730  3.7023  3.4594  0.9096  5.3097  3.1681  2.4224  2.2126  2.1226
 186  1.474261  3.7009  3.4329  0.9308  5.2835  3.1244  2.3728  2.1604  2.0684
 187  1.474785  3.6997  3.4068  0.9521  5.2540  3.0796  2.3227  2.1080  2.0141
 188  1.475309  3.6985  3.3810  0.9735  5.2220  3.0346  2.2726  2.0557  1.9599
 189  1.475831  3.6974  3.3555  0.9948  5.1883  2.9893  2.2225  2.0034  1.9058
 190  1.476352  3.6963  3.3300  1.0159  5.1549  2.9444  2.1727  1.9514  1.8520
 191  1.476876  3.6953  3.3048  1.0370  5.1209  2.8996  2.1232  1.8998  1.7985
 192  1.477397  3.6944  3.2804  1.0580  5.0841  2.8536  2.0732  1.8480  1.7452
 193  1.477920  3.6934  3.2559  1.0788  5.0491  2.8086  2.0238  1.7968  1.6924
 194  1.478442  3.6924  3.2315  1.0996  5.0144  2.7638  1.9748  1.7459  1.6398
 195  1.478966  3.6915  3.2072  1.1203  4.9799  2.7193  1.9261  1.6952  1.5876
 196  1.479492  3.6905  3.1831  1.1407  4.9469  2.6755  1.8778  1.6450  1.5357
 197  1.480015  3.6898  3.1593  1.1611  4.9132  2.6311  1.8295  1.5948  1.4841
 198  1.480541  3.6887  3.1351  1.1813  4.8844  2.5888  1.7822  1.5454  1.4331
 199  1.481064  3.6878  3.1116  1.2015  4.8516  2.5449  1.7343  1.4958  1.3820
 200  1.481589  3.6869  3.0879  1.2215  4.8219  2.5023  1.6873  1.4468  1.3314
 201  1.482112  3.6860  3.0646  1.2415  4.7914  2.4597  1.6403  1.3980  1.2810
 202  1.482635  3.6851  3.0414  1.2613  4.7606  2.4169  1.5936  1.3493  1.2310
 203  1.483157  3.6842  3.0182  1.2810  4.7316  2.3750  1.5473  1.3010  1.1812
 204  1.483677  3.6832  2.9949  1.3007  4.7034  2.3334  1.5012  1.2528  1.1316
 205  1.484195  3.6823  2.9716  1.3203  4.6761  2.2923  1.4554  1.2051  1.0821
 206  1.484712  3.6813  2.9483  1.3399  4.6492  2.2513  1.4097  1.1572  1.0328
 207  1.485224  3.6803  2.9251  1.3595  4.6218  2.2102  1.3640  1.1094  0.9834
 208  1.485734  3.6794  2.9019  1.3791  4.5948  2.1693  1.3184  1.0618  0.9342
 209  1.486241  3.6784  2.8785  1.3986  4.5698  2.1291  1.2731  1.0142  0.8849
 210  1.486744  3.6775  2.8550  1.4182  4.5441  2.0887  1.2277  0.9665  0.8356
 211  1.487243  3.6765  2.8316  1.4378  4.5185  2.0481  1.1822  0.9188  0.7861
 212  1.487739  3.6755  2.8081  1.4574  4.4932  2.0077  1.1368  0.8712  0.7369
 213  1.488234  3.6744  2.7848  1.4769  4.4684  1.9677  1.0917  0.8239  0.6877
 214  1.488730  3.6734  2.7616  1.4962  4.4438  1.9281  1.0470  0.7769  0.6392
 215  1.489224  3.6724  2.7385  1.5156  4.4194  1.8884  1.0024  0.7300  0.5905
 216  1.489703  3.6714  2.7147  1.5354  4.3953  1.8481  0.9569  0.6820  0.5407
 217  1.489794  3.6712  2.7098  1.5394  4.3904  1.8399  0.9477  0.6723  0.5307
 218  1.489885  3.6710  2.7049  1.5435  4.3857  1.8318  0.9385  0.6626  0.5206
 219  1.489974  3.6707  2.7001  1.5475  4.3808  1.8236  0.9292  0.6528  0.5104
 220  1.490063  3.6705  2.6950  1.5516  4.3761  1.8154  0.9198  0.6429  0.5002
 221  1.490151  3.6703  2.6901  1.5556  4.3711  1.8071  0.9105  0.6330  0.4899
 222  1.490239  3.6701  2.6852  1.5598  4.3663  1.7989  0.9011  0.6231  0.4795
 223  1.490326  3.6698  2.6801  1.5639  4.3616  1.7905  0.8916  0.6131  0.4692
 224  1.490413  3.6696  2.6751  1.5681  4.3567  1.7822  0.8821  0.6031  0.4588
 225  1.490499  3.6694  2.6701  1.5723  4.3520  1.7738  0.8726  0.5930  0.4484
 226  1.490586  3.6692  2.6650  1.5764  4.3472  1.7654  0.8632  0.5830  0.4379
 227  1.491402  3.6669  2.6144  1.6179  4.3011  1.6827  0.7687  0.4829  0.3337
 228  1.492165  3.6645  2.5650  1.6582  4.2587  1.6034  0.6777  0.3862  0.2329
 229  1.492880  3.6628  2.5275  1.6890  4.2271  1.5434  0.6084  0.3126  0.1561
 230  1.493598  3.6631  2.5325  1.6856  4.2257  1.5480  0.6151  0.3202  0.1644
 231  1.494360  3.6650  2.5655  1.6605  4.2412  1.5932  0.6700  0.3799  0.2274
 232  1.495228  3.6624  2.5106  1.7052  4.1959  1.5056  0.5690  0.2725  0.1154
 233  1.496019  3.6585  2.4323  1.7681  4.1412  1.3868  0.4292  0.1227 -0.0415
 234  1.496710  3.6547  2.3578  1.8276  4.0945  1.2768  0.2981 -0.0183 -0.1896
 235  1.497307  3.6510  2.2868  1.8841  4.0537  1.1746  0.1752 -0.1515 -0.3297
 236  1.497827  3.6475  2.2184  1.9382  4.0172  1.0780  0.0584 -0.2785 -0.4638
 237  1.498295  3.6439  2.1504  1.9918  3.9845  0.9844 -0.0559 -0.4037 -0.5962
 238  1.498699  3.6404  2.0857  2.0427  3.9561  0.8969 -0.1633 -0.5220 -0.7217
 239  1.499063  3.6369  2.0217  2.0928  3.9311  0.8127 -0.2674 -0.6377 -0.8449
 240  1.499385  3.6334  1.9592  2.1415  3.9106  0.7332 -0.3666 -0.7491 -0.9641
 241  1.499674  3.6298  1.8972  2.1894  3.8932  0.6567 -0.4625 -0.8583 -1.0817
 242  1.499935  3.6263  1.8357  2.2368  3.8778  0.5830 -0.5553 -0.9651 -1.1974
 243  1.500169  3.6228  1.7755  2.2830  3.8637  0.5125 -0.6438 -1.0686 -1.3104
 244  1.500377  3.6193  1.7172  2.3276  3.8506  0.4461 -0.7272 -1.1676 -1.4193
 245  1.500567  3.6159  1.6596  2.3715  3.8378  0.3827 -0.8069 -1.2642 -1.5264
 246  1.500736  3.6126  1.6040  2.4140  3.8256  0.3232 -0.8813 -1.3564 -1.6298
 247  1.500891  3.6093  1.5489  2.4558  3.8128  0.2661 -0.9523 -1.4465 -1.7315
 248  1.501032  3.6060  1.4954  2.4964  3.8006  0.2126 -1.0184 -1.5331 -1.8305
 249  1.501161  3.6027  1.4423  2.5364  3.7905  0.1634 -1.0790 -1.6166 -1.9275
 250  1.501277  3.5996  1.3911  2.5749  3.7819  0.1189 -1.1334 -1.6960 -2.0214
 251  1.501385  3.5964  1.3403  2.6131  3.7718  0.0767 -1.1845 -1.7736 -2.1140
 252  1.501483  3.5933  1.2908  2.6502  3.7606  0.0379 -1.2313 -1.8480 -2.2037
 253  1.501573  3.5902  1.2427  2.6861  3.7467  0.0016 -1.2752 -1.9195 -2.2905
 254  1.501655  3.5872  1.1954  2.7215  3.7313 -0.0319 -1.3154 -1.9886 -2.3753
 255  1.501732  3.5843  1.1491  2.7560  3.7160 -0.0618 -1.3501 -2.0550 -2.4579
 256  1.501803  3.5814  1.1040  2.7895  3.7011 -0.0881 -1.3790 -2.1181 -2.5381
 257  1.501869  3.5785  1.0595  2.8224  3.6866 -0.1116 -1.4028 -2.1789 -2.6170
 258  1.501930  3.5756  1.0162  2.8544  3.6725 -0.1316 -1.4207 -2.2367 -2.6934
 259  1.501985  3.5728  0.9737  2.8856  3.6588 -0.1471 -1.4319 -2.2912 -2.7676
 260  1.502038  3.5700  0.9320  2.9162  3.6449 -0.1585 -1.4371 -2.3432 -2.8398
 261  1.502087  3.5672  0.8911  2.9460  3.6312 -0.1652 -1.4348 -2.3921 -2.9102
 262  1.502133  3.5645  0.8510  2.9753  3.6179 -0.1674 -1.4258 -2.4381 -2.9785
 263  1.502176  3.5619  0.8117  3.0038  3.6056 -0.1654 -1.4120 -2.4809 -3.0445
 264  1.502217  3.5593  0.7733  3.0316  3.5946 -0.1582 -1.3929 -2.5200 -3.1078
 265  1.502255  3.5566  0.7355  3.0589  3.5850 -0.1460 -1.3682 -2.5558 -3.1687
 266  1.502289  3.5540  0.6986  3.0854  3.5796 -0.1294 -1.3411 -2.5883 -3.2268
 267  1.502323  3.5515  0.6625  3.1114  3.5742 -0.1063 -1.3046 -2.6168 -3.2823
 268  1.502354  3.5490  0.6270  3.1368  3.5674 -0.0773 -1.2577 -2.6414 -3.3351
 269  1.502384  3.5465  0.5924  3.1616  3.5580 -0.0426 -1.1998 -2.6621 -3.3853
 270  1.502412  3.5440  0.5585  3.1858  3.5441  0.0061 -1.1160 -2.6756 -3.4324
 271  1.502439  3.5416  0.5251  3.2095  3.5197  0.0637 -1.0063 -2.6831 -3.4762
 272  1.502464  3.5393  0.4927  3.2326  3.4927  0.1283 -0.8855 -2.6859 -3.5168
 273  1.502488  3.5369  0.4606  3.2553  3.4652  0.2150 -0.7335 -2.6767 -3.5517
 274  1.502511  3.5346  0.4293  3.2774  3.4373  0.3084 -0.5749 -2.6625 -3.5827
 275  1.502531  3.5324  0.3988  3.2989  3.4111  0.4095 -0.4126 -2.6426 -3.6091
 276  1.502552  3.5302  0.3689  3.3199  3.3920  0.5199 -0.2619 -2.6151 -3.6279
 277  1.502576  3.5280  0.3401  3.3401  3.3758  0.6266 -0.1285 -2.5872 -3.6435
