#NUMBER OF AGES= 1 MAGS= 5
#----------------------------------------------------       
#MIX-LEN  Y      Z          Zeff        [Fe/H] [a/Fe]
# 1.9380  0.2734 1.8453E-02 1.8453E-02   0.06   0.00 
#----------------------------------------------------       
#**PHOTOMETRIC SYSTEM**: SDSS (AB)
#----------------------------------------------------       
#AGE= 4.000 EEPS=271
#EEP   M/Mo    LogTeff  LogG   LogL/Lo sdss_u  sdss_g  sdss_r  sdss_i  sdss_z
   8  0.115045  3.5051  5.2477 -2.7750 17.8715 14.7365 13.2304 11.9688 11.2483
   9  0.134398  3.5051  5.1803 -2.6400 17.4839 14.3911 12.8933 11.6332 10.9124
  10  0.167981  3.5077  5.1040 -2.4565 16.9033 13.8789 12.3989 11.1619 10.4518
  11  0.212414  3.5149  5.0485 -2.2702 16.2299 13.2879 11.8383 10.6581  9.9793
  12  0.244044  3.5197  5.0155 -2.1583 15.8302 12.9324 11.5019 10.3555  9.6964
  13  0.273279  3.5236  4.9894 -2.0669 15.5089 12.6428 11.2281 10.1089  9.4657
  14  0.293700  3.5263  4.9714 -2.0069 15.3013 12.4537 11.0495  9.9473  9.3144
  15  0.304052  3.5276  4.9606 -1.9757 15.1954 12.3571 10.9581  9.8638  9.2359
  16  0.310383  3.5284  4.9529 -1.9561 15.1303 12.2974 10.9017  9.8118  9.1866
  17  0.314827  3.5289  4.9471 -1.9420 15.0838 12.2549 10.8613  9.7745  9.1512
  18  0.318071  3.5293  4.9423 -1.9313 15.0490 12.2230 10.8311  9.7464  9.1244
  19  0.320640  3.5296  4.9382 -1.9224 15.0207 12.1971 10.8066  9.7235  9.1023
  20  0.322984  3.5299  4.9341 -1.9141 14.9936 12.1723 10.7832  9.7015  9.0815
  21  0.324762  3.5300  4.9303 -1.9071 14.9723 12.1529 10.7646  9.6837  9.0641
  22  0.326929  3.5303  4.9273 -1.9002 14.9497 12.1321 10.7449  9.6655  9.0468
  23  0.329870  3.5307  4.9243 -1.8918 14.9218 12.1063 10.7205  9.6431  9.0257
  24  0.330528  3.5306  4.9237 -1.8899 14.9164 12.1013 10.7150  9.6385  9.0212
  25  0.337178  3.5312  4.9198 -1.8744 14.8639 12.0530 10.6687  9.5968  8.9820
  26  0.462616  3.5534  4.8195 -1.5491 13.7362 10.9758  9.6476  8.7008  8.1706
  27  0.480535  3.5578  4.8019 -1.4978 13.5611 10.8000  9.4783  8.5570  8.0443
  28  0.495885  3.5618  4.7869 -1.4531 13.4079 10.6432  9.3266  8.4320  7.9353
  29  0.508986  3.5655  4.7747 -1.4145 13.2749 10.5049  9.1920  8.3235  7.8417
  30  0.519501  3.5688  4.7650 -1.3830 13.1660 10.3899  9.0798  8.2344  7.7657
  31  0.529403  3.5720  4.7562 -1.3531 13.0625 10.2794  8.9715  8.1486  7.6934
  32  0.540761  3.5758  4.7463 -1.3187 12.9438 10.1512  8.8453  8.0496  7.6107
  33  0.555707  3.5810  4.7335 -1.2734 12.7873  9.9806  8.6767  7.9188  7.5025
  34  0.573897  3.5876  4.7180 -1.2174 12.5902  9.7645  8.4620  7.7554  7.3696
  35  0.593549  3.5953  4.7023 -1.1564 12.3810  9.5288  8.2334  7.5788  7.2247
  36  0.614319  3.6040  4.6878 -1.0922 12.1567  9.2736  7.9909  7.3918  7.0720
  37  0.633406  3.6124  4.6750 -1.0328 11.9364  9.0310  7.7623  7.2181  6.9330
  38  0.651908  3.6208  4.6633 -0.9741 11.7349  8.7950  7.5440  7.0499  6.7970
  39  0.678385  3.6335  4.6497 -0.8924 11.3759  8.4402  7.2364  6.8124  6.6031
  40  0.713833  3.6510  4.6344 -0.7851 10.7922  7.9624  6.8496  6.5028  6.3398
  41  0.791155  3.6882  4.6026 -0.5601  9.4019  6.9978  6.1267  5.8859  5.7808
  42  0.818641  3.6997  4.5900 -0.4870  8.9896  6.7137  5.9109  5.6947  5.6054
  43  0.833410  3.7055  4.5826 -0.4483  8.7687  6.5686  5.7994  5.5952  5.5143
  44  0.846580  3.7107  4.5756 -0.4139  8.5730  6.4421  5.7013  5.5075  5.4337
  45  0.858781  3.7155  4.5687 -0.3815  8.3928  6.3259  5.6108  5.4262  5.3589
  46  0.869797  3.7199  4.5622 -0.3521  8.2314  6.2220  5.5295  5.3528  5.2912
  47  0.880299  3.7239  4.5555 -0.3240  8.0801  6.1248  5.4525  5.2831  5.2269
  48  0.890630  3.7277  4.5486 -0.2966  7.9337  6.0319  5.3780  5.2149  5.1638
  49  0.901010  3.7315  4.5414 -0.2693  7.7912  5.9414  5.3046  5.1475  5.1011
  50  0.911389  3.7351  4.5338 -0.2422  7.6540  5.8524  5.2325  5.0814  5.0395
  51  0.921715  3.7387  4.5261 -0.2153  7.5219  5.7650  5.1619  5.0165  4.9790
  52  0.928645  3.7410  4.5206 -0.1974  7.4359  5.7072  5.1149  4.9733  4.9387
  53  0.935473  3.7432  4.5151 -0.1798  7.3523  5.6509  5.0690  4.9309  4.8991
  54  0.942196  3.7454  4.5095 -0.1625  7.2717  5.5962  5.0241  4.8895  4.8603
  55  0.948799  3.7474  4.5038 -0.1456  7.1941  5.5430  4.9804  4.8489  4.8221
  56  0.955278  3.7494  4.4981 -0.1289  7.1190  5.4913  4.9377  4.8093  4.7849
  57  0.961629  3.7513  4.4923 -0.1127  7.0468  5.4410  4.8960  4.7707  4.7485
  58  0.967884  3.7532  4.4866 -0.0967  6.9767  5.3919  4.8552  4.7327  4.7127
  59  0.974051  3.7549  4.4807 -0.0810  6.9086  5.3440  4.8151  4.6954  4.6775
  60  0.980156  3.7566  4.4748 -0.0655  6.8422  5.2969  4.7758  4.6587  4.6429
  61  0.986196  3.7584  4.4689 -0.0501  6.7776  5.2506  4.7370  4.6224  4.6086
  62  0.992163  3.7600  4.4628 -0.0351  6.7149  5.2053  4.6987  4.5867  4.5748
  63  0.998056  3.7615  4.4568 -0.0202  6.6539  5.1608  4.6612  4.5515  4.5415
  64  1.003871  3.7631  4.4506 -0.0055  6.5944  5.1171  4.6242  4.5168  4.5086
  65  1.009587  3.7645  4.4445  0.0090  6.5369  5.0745  4.5879  4.4827  4.4762
  66  1.015153  3.7659  4.4384  0.0231  6.4816  5.0331  4.5525  4.4495  4.4446
  67  1.020527  3.7672  4.4322  0.0367  6.4290  4.9933  4.5184  4.4174  4.4140
  68  1.025112  3.7683  4.4270  0.0484  6.3844  4.9593  4.4892  4.3899  4.3877
  69  1.029194  3.7694  4.4222  0.0590  6.3447  4.9290  4.4631  4.3652  4.3643
  70  1.034120  3.7705  4.4164  0.0716  6.2974  4.8928  4.4318  4.3358  4.3360
  71  1.039269  3.7716  4.4102  0.0845  6.2492  4.8555  4.3995  4.3052  4.3069
  72  1.045483  3.7729  4.4029  0.0997  6.1929  4.8118  4.3615  4.2692  4.2724
  73  1.050363  3.7741  4.3969  0.1120  6.1486  4.7769  4.3310  4.2403  4.2447
  74  1.055063  3.7751  4.3910  0.1237  6.1061  4.7433  4.3016  4.2124  4.2179
  75  1.059424  3.7759  4.3854  0.1348  6.0666  4.7118  4.2741  4.1863  4.1928
  76  1.061594  3.7767  4.3826  0.1416  6.0401  4.6919  4.2574  4.1707  4.1781
  77  1.065826  3.7775  4.3769  0.1524  6.0020  4.6615  4.2307  4.1453  4.1537
  78  1.069945  3.7783  4.3715  0.1629  5.9646  4.6316  4.2049  4.1208  4.1302
  79  1.073934  3.7792  4.3663  0.1731  5.9270  4.6023  4.1801  4.0974  4.1078
  80  1.077718  3.7800  4.3613  0.1827  5.8911  4.5742  4.1565  4.0751  4.0865
  81  1.081355  3.7807  4.3566  0.1921  5.8561  4.5471  4.1339  4.0537  4.0661
  82  1.084064  3.7814  4.3530  0.1990  5.8307  4.5272  4.1172  4.0380  4.0511
  83  1.086784  3.7819  4.3495  0.2059  5.8055  4.5076  4.1007  4.0223  4.0360
  84  1.089527  3.7825  4.3459  0.2127  5.7804  4.4879  4.0841  4.0065  4.0209
  85  1.092284  3.7830  4.3423  0.2196  5.7555  4.4684  4.0676  3.9909  4.0058
  86  1.094897  3.7836  4.3390  0.2261  5.7315  4.4497  4.0520  3.9759  3.9915
  87  1.097340  3.7841  4.3361  0.2322  5.7087  4.4322  4.0373  3.9620  3.9781
  88  1.099623  3.7845  4.3334  0.2379  5.6870  4.4155  4.0233  3.9488  3.9656
  89  1.101755  3.7851  4.3307  0.2434  5.6664  4.3999  4.0101  3.9363  3.9536
  90  1.103755  3.7857  4.3283  0.2487  5.6469  4.3849  3.9975  3.9243  3.9422
  91  1.105645  3.7861  4.3259  0.2537  5.6289  4.3708  3.9852  3.9126  3.9308
  92  1.107434  3.7865  4.3236  0.2585  5.6125  4.3577  3.9731  3.9009  3.9196
  93  1.109143  3.7870  4.3213  0.2631  5.5970  4.3452  3.9615  3.8896  3.9085
  94  1.110797  3.7873  4.3190  0.2678  5.5820  4.3329  3.9500  3.8785  3.8977
  95  1.112417  3.7878  4.3167  0.2723  5.5674  4.3209  3.9388  3.8675  3.8870
  96  1.114034  3.7881  4.3144  0.2768  5.5531  4.3089  3.9275  3.8566  3.8763
  97  1.115682  3.7885  4.3120  0.2813  5.5390  4.2971  3.9162  3.8455  3.8656
  98  1.117416  3.7889  4.3095  0.2859  5.5247  4.2849  3.9047  3.8343  3.8545
  99  1.119303  3.7893  4.3070  0.2907  5.5099  4.2722  3.8926  3.8225  3.8431
 100  1.121428  3.7896  4.3042  0.2957  5.4943  4.2588  3.8797  3.8099  3.8307
 101  1.123934  3.7900  4.3013  0.3013  5.4774  4.2441  3.8655  3.7960  3.8171
 102  1.127056  3.7905  4.2977  0.3079  5.4581  4.2270  3.8490  3.7799  3.8013
 103  1.131373  3.7910  4.2930  0.3164  5.4339  4.2053  3.8278  3.7591  3.7810
 104  1.139419  3.7915  4.2834  0.3310  5.3939  4.1674  3.7908  3.7227  3.7449
 105  1.229030  3.7892  4.1362  0.5014  4.9688  3.7377  3.3700  3.3014  3.3224
 106  1.230382  3.7895  4.1332  0.5061  4.9558  3.7254  3.3580  3.2899  3.3111
 107  1.231626  3.7899  4.1306  0.5106  4.9427  3.7132  3.3461  3.2784  3.3001
 108  1.232647  3.7901  4.1278  0.5149  4.9314  3.7022  3.3352  3.2679  3.2899
 109  1.233484  3.7905  4.1257  0.5189  4.9198  3.6914  3.3245  3.2578  3.2801
 110  1.234278  3.7909  4.1235  0.5229  4.9089  3.6809  3.3142  3.2479  3.2706
 111  1.235012  3.7913  4.1216  0.5268  4.8980  3.6704  3.3038  3.2380  3.2612
 112  1.236058  3.7920  4.1185  0.5329  4.8810  3.6542  3.2878  3.2229  3.2468
 113  1.236898  3.7926  4.1156  0.5387  4.8643  3.6383  3.2721  3.2082  3.2327
 114  1.237634  3.7933  4.1130  0.5446  4.8477  3.6225  3.2567  3.1937  3.2189
 115  1.238264  3.7941  4.1103  0.5503  4.8287  3.6062  3.2422  3.1803  3.2063
 116  1.238783  3.7948  4.1076  0.5559  4.8090  3.5899  3.2282  3.1674  3.1942
 117  1.239239  3.7955  4.1051  0.5615  4.7894  3.5737  3.2145  3.1548  3.1825
 118  1.239662  3.7962  4.1025  0.5669  4.7697  3.5576  3.2011  3.1424  3.1708
 119  1.240032  3.7968  4.1000  0.5723  4.7502  3.5417  3.1878  3.1302  3.1594
 120  1.240344  3.7975  4.0972  0.5777  4.7310  3.5260  3.1748  3.1183  3.1482
 121  1.240614  3.7981  4.0946  0.5830  4.7122  3.5105  3.1619  3.1064  3.1370
 122  1.240845  3.7986  4.0916  0.5881  4.6940  3.4953  3.1493  3.0947  3.1260
 123  1.241059  3.7992  4.0887  0.5934  4.6759  3.4802  3.1367  3.0830  3.1150
 124  1.241259  3.7997  4.0856  0.5985  4.6584  3.4654  3.1241  3.0714  3.1040
 125  1.241455  3.8002  4.0825  0.6036  4.6411  3.4507  3.1117  3.0597  3.0928
 126  1.241666  3.8006  4.0791  0.6089  4.6245  3.4362  3.0991  3.0479  3.0816
 127  1.241949  3.8009  4.0752  0.6140  4.6092  3.4220  3.0862  3.0356  3.0696
 128  1.242493  3.8008  4.0694  0.6195  4.5966  3.4084  3.0725  3.0218  3.0557
 129  1.244027  3.8000  4.0603  0.6258  4.5882  3.3948  3.0561  3.0044  3.0375
 130  1.247092  3.7994  4.0520  0.6328  4.5772  3.3795  3.0385  2.9860  3.0185
 131  1.250411  3.7989  4.0440  0.6400  4.5637  3.3626  3.0201  2.9670  2.9991
 132  1.253622  3.7987  4.0368  0.6473  4.5480  3.3449  3.0018  2.9484  2.9802
 133  1.256598  3.7984  4.0300  0.6545  4.5319  3.3273  2.9838  2.9303  2.9620
 134  1.259325  3.7980  4.0238  0.6598  4.5223  3.3149  2.9700  2.9160  2.9472
 135  1.261820  3.7969  4.0152  0.6650  4.5199  3.3055  2.9567  2.9012  2.9314
 136  1.264081  3.7961  4.0064  0.6710  4.5128  3.2930  2.9411  2.8845  2.9137
 137  1.266452  3.7951  3.9977  0.6768  4.5065  3.2811  2.9263  2.8683  2.8966
 138  1.268828  3.7944  3.9897  0.6823  4.4999  3.2698  2.9125  2.8534  2.8807
 139  1.271083  3.7936  3.9817  0.6882  4.4913  3.2572  2.8979  2.8378  2.8643
 140  1.273210  3.7929  3.9740  0.6938  4.4821  3.2447  2.8837  2.8226  2.8485
 141  1.275211  3.7922  3.9663  0.6997  4.4695  3.2312  2.8701  2.8081  2.8332
 142  1.277098  3.7916  3.9585  0.7056  4.4565  3.2174  2.8562  2.7934  2.8177
 143  1.278875  3.7911  3.9507  0.7118  4.4421  3.2026  2.8416  2.7780  2.8017
 144  1.280543  3.7906  3.9448  0.7164  4.4318  3.1917  2.8310  2.7665  2.7897
 145  1.282109  3.7901  3.9396  0.7200  4.4237  3.1834  2.8226  2.7574  2.7800
 146  1.283570  3.7896  3.9344  0.7238  4.4151  3.1747  2.8139  2.7481  2.7701
 147  1.284960  3.7890  3.9289  0.7274  4.4078  3.1668  2.8059  2.7391  2.7604
 148  1.286291  3.7885  3.9239  0.7307  4.4010  3.1596  2.7986  2.7310  2.7516
 149  1.287572  3.7878  3.9187  0.7336  4.3962  3.1537  2.7921  2.7234  2.7433
 150  1.288808  3.7872  3.9138  0.7364  4.3922  3.1482  2.7858  2.7161  2.7351
 151  1.290006  3.7864  3.9087  0.7391  4.3897  3.1435  2.7797  2.7089  2.7272
 152  1.291169  3.7858  3.9036  0.7416  4.3921  3.1402  2.7730  2.7011  2.7184
 153  1.292305  3.7849  3.8986  0.7439  4.3982  3.1382  2.7661  2.6930  2.7094
 154  1.293413  3.7841  3.8933  0.7460  4.4072  3.1374  2.7595  2.6850  2.7003
 155  1.294500  3.7832  3.8885  0.7479  4.4162  3.1369  2.7532  2.6775  2.6918
 156  1.295568  3.7824  3.8838  0.7495  4.4261  3.1369  2.7474  2.6704  2.6838
 157  1.296617  3.7814  3.8791  0.7510  4.4377  3.1378  2.7419  2.6636  2.6759
 158  1.297656  3.7805  3.8744  0.7524  4.4501  3.1392  2.7369  2.6571  2.6684
 159  1.298685  3.7796  3.8699  0.7536  4.4630  3.1412  2.7323  2.6513  2.6613
 160  1.299703  3.7786  3.8653  0.7547  4.4755  3.1433  2.7286  2.6460  2.6550
 161  1.300706  3.7776  3.8603  0.7555  4.4868  3.1457  2.7260  2.6417  2.6494
 162  1.303668  3.7743  3.8461  0.7578  4.5185  3.1530  2.7204  2.6310  2.6348
 163  1.306480  3.7709  3.8331  0.7578  4.5583  3.1670  2.7212  2.6264  2.6261
 164  1.309144  3.7671  3.8214  0.7554  4.6104  3.1885  2.7275  2.6270  2.6223
 165  1.311548  3.7631  3.8112  0.7504  4.6751  3.2188  2.7411  2.6342  2.6246
 166  1.313637  3.7589  3.8027  0.7429  4.7507  3.2571  2.7615  2.6478  2.6333
 167  1.315436  3.7547  3.7959  0.7333  4.8357  3.3001  2.7872  2.6670  2.6473
 168  1.317005  3.7505  3.7904  0.7226  4.9272  3.3462  2.8164  2.6899  2.6653
 169  1.318418  3.7464  3.7859  0.7111  5.0202  3.3955  2.8480  2.7150  2.6853
 170  1.319737  3.7422  3.7817  0.6991  5.1147  3.4472  2.8812  2.7415  2.7065
 171  1.321021  3.7381  3.7774  0.6872  5.2132  3.5003  2.9156  2.7688  2.7285
 172  1.322339  3.7337  3.7725  0.6750  5.3169  3.5552  2.9507  2.7968  2.7508
 173  1.323810  3.7290  3.7658  0.6633  5.4287  3.6124  2.9860  2.8240  2.7719
 174  1.325541  3.7238  3.7538  0.6551  5.5424  3.6644  3.0140  2.8431  2.7842
 175  1.327361  3.7188  3.7363  0.6532  5.6404  3.7010  3.0273  2.8476  2.7817
 176  1.329213  3.7140  3.7148  0.6565  5.7212  3.7234  3.0278  2.8398  2.7674
 177  1.330975  3.7104  3.6919  0.6652  5.7706  3.7265  3.0136  2.8189  2.7412
 178  1.332509  3.7077  3.6703  0.6768  5.7926  3.7151  2.9903  2.7907  2.7093
 179  1.333870  3.7058  3.6501  0.6897  5.7996  3.6963  2.9627  2.7595  2.6753
 180  1.335116  3.7043  3.6310  0.7031  5.7966  3.6732  2.9329  2.7268  2.6402
 181  1.336283  3.7030  3.6125  0.7168  5.7879  3.6477  2.9018  2.6933  2.6049
 182  1.337523  3.7018  3.5927  0.7323  5.7726  3.6172  2.8662  2.6555  2.5652
 183  1.338744  3.7007  3.5725  0.7485  5.7531  3.5842  2.8285  2.6158  2.5238
 184  1.339944  3.6997  3.5522  0.7653  5.7296  3.5488  2.7891  2.5745  2.4811
 185  1.341125  3.6988  3.5316  0.7827  5.7022  3.5117  2.7481  2.5319  2.4370
 186  1.342287  3.6980  3.5108  0.8005  5.6720  3.4728  2.7059  2.4880  2.3917
 187  1.343429  3.6972  3.4896  0.8187  5.6407  3.4332  2.6627  2.4432  2.3455
 188  1.344549  3.6964  3.4681  0.8375  5.6078  3.3921  2.6181  2.3971  2.2981
 189  1.345646  3.6955  3.4461  0.8566  5.5736  3.3501  2.5726  2.3500  2.2496
 190  1.346719  3.6947  3.4236  0.8762  5.5383  3.3069  2.5260  2.3018  2.2001
 191  1.347767  3.6939  3.4007  0.8962  5.5020  3.2626  2.4782  2.2524  2.1493
 192  1.348790  3.6932  3.3771  0.9169  5.4646  3.2171  2.4291  2.2017  2.0973
 193  1.349793  3.6924  3.3531  0.9379  5.4262  3.1703  2.3788  2.1496  2.0438
 194  1.350772  3.6916  3.3285  0.9596  5.3867  3.1223  2.3270  2.0964  1.9891
 195  1.351727  3.6908  3.3033  0.9817  5.3464  3.0732  2.2742  2.0418  1.9331
 196  1.352657  3.6899  3.2774  1.0045  5.3067  3.0230  2.2201  1.9859  1.8758
 197  1.353560  3.6890  3.2508  1.0277  5.2666  2.9717  2.1648  1.9287  1.8172
 198  1.354437  3.6881  3.2239  1.0515  5.2253  2.9192  2.1082  1.8702  1.7572
 199  1.355285  3.6872  3.1960  1.0758  5.1844  2.8660  2.0504  1.8106  1.6960
 200  1.356108  3.6861  3.1674  1.1006  5.1447  2.8123  1.9920  1.7499  1.6336
 201  1.356897  3.6852  3.1385  1.1260  5.1009  2.7562  1.9316  1.6875  1.5696
 202  1.357658  3.6842  3.1088  1.1518  5.0589  2.7000  1.8705  1.6241  1.5045
 203  1.358391  3.6831  3.0786  1.1780  5.0166  2.6430  1.8084  1.5598  1.4384
 204  1.359099  3.6819  3.0473  1.2046  4.9779  2.5867  1.7462  1.4948  1.3715
 205  1.359778  3.6807  3.0159  1.2316  4.9362  2.5287  1.6826  1.4287  1.3034
 206  1.360430  3.6794  2.9838  1.2590  4.8957  2.4705  1.6185  1.3619  1.2344
 207  1.361054  3.6782  2.9515  1.2867  4.8538  2.4113  1.5533  1.2940  1.1646
 208  1.361651  3.6769  2.9181  1.3149  4.8146  2.3524  1.4878  1.2255  1.0940
 209  1.362218  3.6757  2.8850  1.3434  4.7714  2.2914  1.4208  1.1558  1.0222
 210  1.362760  3.6743  2.8510  1.3722  4.7311  2.2309  1.3536  1.0856  0.9497
 211  1.363278  3.6727  2.8158  1.4012  4.6968  2.1726  1.2872  1.0154  0.8768
 212  1.363775  3.6713  2.7809  1.4304  4.6589  2.1125  1.2198  0.9447  0.8036
 213  1.364248  3.6698  2.7456  1.4598  4.6217  2.0523  1.1522  0.8735  0.7297
 214  1.364701  3.6683  2.7104  1.4892  4.5851  1.9925  1.0848  0.8024  0.6561
 215  1.365136  3.6667  2.6746  1.5188  4.5498  1.9328  1.0171  0.7311  0.5818
 216  1.365554  3.6651  2.6380  1.5490  4.5143  1.8720  0.9482  0.6582  0.5062
 217  1.365616  3.6649  2.6326  1.5535  4.5093  1.8632  0.9381  0.6475  0.4950
 218  1.365678  3.6646  2.6273  1.5580  4.5041  1.8542  0.9280  0.6367  0.4839
 219  1.365741  3.6644  2.6218  1.5624  4.4992  1.8454  0.9178  0.6261  0.4727
 220  1.365803  3.6641  2.6164  1.5669  4.4941  1.8365  0.9077  0.6153  0.4616
 221  1.365864  3.6639  2.6111  1.5713  4.4892  1.8276  0.8976  0.6047  0.4504
 222  1.365927  3.6637  2.6057  1.5758  4.4842  1.8188  0.8876  0.5940  0.4394
 223  1.365989  3.6634  2.6003  1.5802  4.4792  1.8101  0.8776  0.5834  0.4283
 224  1.366050  3.6632  2.5949  1.5846  4.4746  1.8014  0.8676  0.5729  0.4173
 225  1.366112  3.6630  2.5897  1.5890  4.4697  1.7927  0.8578  0.5623  0.4063
 226  1.366174  3.6627  2.5842  1.5933  4.4652  1.7842  0.8479  0.5519  0.3955
 227  1.366764  3.6607  2.5398  1.6301  4.4247  1.7115  0.7647  0.4638  0.3038
 228  1.367315  3.6607  2.5359  1.6344  4.4130  1.7001  0.7537  0.4527  0.2928
 229  1.367914  3.6626  2.5711  1.6064  4.4371  1.7530  0.8159  0.5195  0.3626
 230  1.368604  3.6615  2.5407  1.6327  4.3997  1.6975  0.7549  0.4558  0.2971
 231  1.369255  3.6578  2.4661  1.6929  4.3447  1.5830  0.6207  0.3121  0.1468
 232  1.369825  3.6543  2.3944  1.7506  4.2950  1.4749  0.4931  0.1751  0.0031
 233  1.370330  3.6507  2.3239  1.8071  4.2499  1.3712  0.3695  0.0417 -0.1370
 234  1.370768  3.6473  2.2565  1.8608  4.2099  1.2741  0.2530 -0.0846 -0.2702
 235  1.371167  3.6437  2.1883  1.9150  4.1732  1.1783  0.1371 -0.2114 -0.4040
 236  1.371512  3.6402  2.1222  1.9673  4.1408  1.0873  0.0263 -0.3330 -0.5328
 237  1.371821  3.6367  2.0570  2.0186  4.1119  1.0000 -0.0808 -0.4517 -0.6590
 238  1.372097  3.6332  1.9924  2.0693  4.0863  0.9156 -0.1848 -0.5682 -0.7834
 239  1.372344  3.6297  1.9286  2.1189  4.0655  0.8356 -0.2845 -0.6811 -0.9050
 240  1.372564  3.6262  1.8659  2.1673  4.0472  0.7591 -0.3798 -0.7907 -1.0236
 241  1.372762  3.6226  1.8048  2.2145  4.0300  0.6861 -0.4707 -0.8967 -1.1391
 242  1.372939  3.6191  1.7446  2.2607  4.0138  0.6166 -0.5574 -0.9994 -1.2519
 243  1.373099  3.6157  1.6854  2.3061  3.9985  0.5503 -0.6400 -1.0993 -1.3626
 244  1.373243  3.6122  1.6277  2.3502  3.9838  0.4879 -0.7175 -1.1953 -1.4700
 245  1.373374  3.6089  1.5707  2.3937  3.9686  0.4279 -0.7916 -1.2891 -1.5760
 246  1.373492  3.6055  1.5154  2.4359  3.9540  0.3720 -0.8600 -1.3789 -1.6787
 247  1.373599  3.6022  1.4607  2.4772  3.9415  0.3205 -0.9228 -1.4655 -1.7791
 248  1.373696  3.5989  1.4074  2.5175  3.9310  0.2738 -0.9793 -1.5482 -1.8771
 249  1.373786  3.5957  1.3549  2.5569  3.9195  0.2304 -1.0316 -1.6283 -1.9730
 250  1.373868  3.5925  1.3035  2.5955  3.9060  0.1897 -1.0803 -1.7058 -2.0663
 251  1.373943  3.5893  1.2537  2.6330  3.8895  0.1517 -1.1259 -1.7802 -2.1565
 252  1.374012  3.5862  1.2044  2.6698  3.8721  0.1171 -1.1670 -1.8522 -2.2449
 253  1.374074  3.5831  1.1562  2.7057  3.8551  0.0865 -1.2020 -1.9208 -2.3309
 254  1.374132  3.5801  1.1092  2.7407  3.8387  0.0597 -1.2305 -1.9863 -2.4146
 255  1.374186  3.5771  1.0629  2.7750  3.8228  0.0358 -1.2533 -2.0492 -2.4967
 256  1.374236  3.5742  1.0177  2.8084  3.8073  0.0166 -1.2687 -2.1086 -2.5762
 257  1.374283  3.5712  0.9733  2.8410  3.7918  0.0020 -1.2775 -2.1650 -2.6536
 258  1.374326  3.5683  0.9298  2.8730  3.7768 -0.0076 -1.2789 -2.2180 -2.7286
 259  1.374365  3.5654  0.8873  2.9040  3.7620 -0.0124 -1.2727 -2.2679 -2.8017
 260  1.374402  3.5626  0.8456  2.9344  3.7481 -0.0123 -1.2607 -2.3143 -2.8721
 261  1.374438  3.5598  0.8047  2.9640  3.7359 -0.0065 -1.2428 -2.3567 -2.9399
 262  1.374470  3.5570  0.7648  2.9930  3.7245  0.0045 -1.2186 -2.3956 -3.0048
 263  1.374501  3.5543  0.7254  3.0214  3.7184  0.0209 -1.1913 -2.4309 -3.0671
 264  1.374529  3.5517  0.6869  3.0490  3.7123  0.0435 -1.1552 -2.4619 -3.1262
 265  1.374556  3.5490  0.6492  3.0761  3.7049  0.0729 -1.1072 -2.4889 -3.1828
 266  1.374580  3.5464  0.6125  3.1024  3.6943  0.1082 -1.0480 -2.5116 -3.2363
 267  1.374605  3.5438  0.5762  3.1283  3.6785  0.1613 -0.9557 -2.5256 -3.2865
 268  1.374626  3.5412  0.5408  3.1536  3.6522  0.2223 -0.8396 -2.5335 -3.3328
 269  1.374648  3.5387  0.5062  3.1782  3.6235  0.2913 -0.7119 -2.5363 -3.3756
 270  1.374667  3.5362  0.4721  3.2022  3.5936  0.3838 -0.5512 -2.5260 -3.4121
 271  1.374686  3.5338  0.4388  3.2258  3.5641  0.4851 -0.3826 -2.5097 -3.4442
 272  1.374705  3.5314  0.4063  3.2486  3.5387  0.5963 -0.2143 -2.4857 -3.4696
 273  1.374721  3.5290  0.3744  3.2711  3.5196  0.7148 -0.0593 -2.4555 -3.4884
 274  1.374738  3.5267  0.3431  3.2930  3.5035  0.8306  0.0788 -2.4245 -3.5039
 275  1.374753  3.5244  0.3125  3.3144  3.4903  0.9396  0.1952 -2.3951 -3.5175
 276  1.374767  3.5221  0.2827  3.3353  3.4803  1.0403  0.2886 -2.3679 -3.5296
 277  1.374781  3.5199  0.2537  3.3555  3.4733  1.1315  0.3586 -2.3434 -3.5404
 278  1.374795  3.5176  0.2253  3.3749  3.4739  1.2105  0.3948 -2.3230 -3.5501
